0 0 0 5 0 7 3 6 4 2 1
15 1 14 5 4 7 3 6 0 2 1
14 2 12 5 4 7 3 6 2 0 1
13 3 10 5 4 7 3 6 2 1 0
15 3 12 5 4 0 3 6 2 7 1
14 4 10 5 4 3 0 6 2 7 1
13 5 8 5 4 3 1 6 2 7 0
16 2 14 5 4 7 3 0 6 2 1
12 4 8 5 4 7 3 1 6 2 0
15 5 10 5 4 7 0 1 6 2 3
14 6 8 5 4 7 3 1 6 2 0
15 5 10 5 4 7 3 1 6 0 2
14 6 8 5 4 7 3 1 6 2 0
16 4 12 5 4 7 0 6 2 1 3
15 5 10 5 4 7 3 6 2 1 0
16 4 12 5 4 7 3 6 2 0 1
15 5 10 5 4 7 3 6 2 1 0
16 4 12 5 0 4 3 6 2 7 1
15 5 10 5 2 4 3 6 0 7 1
16 6 10 5 4 3 0 6 2 7 1
15 7 8 5 4 3 1 6 2 7 0
16 6 10 5 4 3 1 6 2 0 7
15 7 8 5 4 3 1 6 2 7 0
16 6 10 5 4 0 3 1 6 7 2
15 7 8 5 4 3 0 1 6 7 2
14 8 6 5 4 3 2 1 6 7 0
16 6 10 5 2 4 3 0 6 7 1
12 8 4 5 2 4 3 1 6 7 0
15 9 6 5 2 4 0 1 6 7 3
14 10 4 5 2 4 3 1 6 7 0
15 9 6 5 2 4 3 1 6 0 7
14 10 4 5 2 4 3 1 6 7 0
16 6 10 5 2 4 3 6 7 0 1
15 7 8 5 2 4 3 6 7 1 0
16 10 6 5 2 0 4 1 6 7 3
17 1 16 0 5 7 3 6 4 2 1
12 4 8 1 5 7 3 6 4 2 0
15 3 12 3 5 7 0 6 4 2 1
14 4 10 3 5 7 1 6 4 2 0
15 5 10 1 5 7 0 6 4 2 3
14 6 8 1 5 7 3 6 4 2 0
15 5 10 1 5 7 3 6 4 0 2
14 6 8 1 5 7 3 6 4 2 0
16 6 10 1 5 7 3 0 4 2 6
16 4 12 3 5 0 7 6 4 2 1
16 6 10 1 5 0 7 6 4 2 3
16 8 8 1 5 7 3 6 4 2 0
17 1 16 5 7 0 3 6 4 2 1
16 2 14 5 7 2 3 6 4 0 1
15 3 12 5 7 2 3 6 4 1 0
16 2 14 5 7 3 0 6 4 2 1
15 3 12 5 7 3 1 6 4 2 0
17 3 14 5 4 7 3 6 0 2 1
17 5 12 5 4 0 3 6 2 7 1
17 3 14 0 4 7 3 5 6 2 1
12 6 6 1 4 7 3 5 6 2 0
15 7 8 1 4 7 0 5 6 2 3
14 8 6 1 4 7 3 5 6 2 0
15 7 8 1 4 7 3 5 6 0 2
14 8 6 1 4 7 3 5 6 2 0
16 8 8 1 4 0 3 5 6 7 2
15 9 6 1 4 3 0 5 6 7 2
14 10 4 1 4 3 2 5 6 7 0
17 7 10 5 4 0 3 1 6 2 7
16 8 8 5 4 2 3 1 6 0 7
15 9 6 5 4 2 3 1 6 7 0
16 8 8 5 4 3 0 1 6 2 7
17 7 10 5 4 7 0 1 6 2 3
16 8 8 5 4 7 3 1 6 2 0
17 7 10 5 4 7 3 1 6 0 2
16 8 8 5 4 7 3 1 6 2 0
17 7 10 5 0 4 3 1 6 7 2
17 9 8 5 4 3 0 1 6 7 2
16 10 6 5 4 3 2 1 6 7 0
17 9 8 5 4 3 2 1 6 0 7
16 10 6 5 4 3 2 1 6 7 0
17 7 10 0 2 4 3 5 6 7 1
12 10 2 1 2 4 3 5 6 7 0
15 11 4 1 2 4 0 5 6 7 3
14 12 2 1 2 4 3 5 6 7 0
15 11 4 1 2 4 3 5 6 0 7
14 12 2 1 2 4 3 5 6 7 0
16 12 4 1 2 0 4 5 6 7 3
17 7 10 5 2 4 3 6 0 7 1
17 11 6 5 2 0 3 1 6 7 4
16 12 4 5 2 3 0 1 6 7 4
15 13 2 5 2 3 4 1 6 7 0
17 11 6 5 2 4 0 1 6 7 3
16 12 4 5 2 4 3 1 6 7 0
17 11 6 5 2 4 3 1 6 0 7
16 12 4 5 2 4 3 1 6 7 0
17 11 6 5 2 7 4 1 6 0 3
16 12 4 5 2 7 4 1 6 3 0
17 7 10 1 5 0 3 6 4 2 7
16 8 8 1 5 3 0 6 4 2 7
15 9 6 1 5 3 7 6 4 2 0
17 5 12 3 5 7 0 6 4 2 1
16 6 10 3 5 7 1 6 4 2 0
17 5 12 3 5 7 1 6 4 0 2
16 6 10 3 5 7 1 6 4 2 0
17 7 10 1 5 7 0 6 4 2 3
16 8 8 1 5 7 3 6 4 2 0
17 7 10 1 5 7 3 6 4 0 2
16 8 8 1 5 7 3 6 4 2 0
17 7 10 1 5 7 3 4 0 2 6
16 8 8 1 5 7 3 4 2 0 6
15 9 6 1 5 7 3 4 2 6 0
17 9 8 1 5 7 0 3 4 2 6
17 5 12 3 5 2 7 6 4 0 1
16 6 10 3 5 2 7 6 4 1 0
17 5 12 3 0 5 7 6 4 2 1
17 7 10 1 5 2 7 6 4 0 3
16 8 8 1 5 2 7 6 4 3 0
17 7 10 1 0 5 7 6 4 2 3
17 3 14 5 7 2 3 6 0 4 1
17 5 12 3 4 7 0 5 6 2 1
16 6 10 3 4 7 1 5 6 2 0
17 9 8 1 4 0 3 5 6 2 7
16 10 6 1 4 2 3 5 6 0 7
15 11 4 1 4 2 3 5 6 7 0
16 10 6 1 4 3 0 5 6 2 7
17 9 8 1 4 7 0 5 6 2 3
16 10 6 1 4 7 3 5 6 2 0
17 9 8 1 4 7 3 5 6 0 2
16 10 6 1 4 7 3 5 6 2 0
17 9 8 1 0 4 3 5 6 7 2
17 11 6 1 4 3 0 5 6 7 2
16 12 4 1 4 3 2 5 6 7 0
17 11 6 1 4 3 2 5 6 0 7
16 12 4 1 4 3 2 5 6 7 0
17 9 8 5 4 3 7 1 6 2 0
17 9 8 3 2 4 0 5 6 7 1
16 10 6 3 2 4 1 5 6 7 0
17 13 4 1 2 0 3 5 6 7 4
16 14 2 1 2 3 0 5 6 7 4
15 15 0 1 2 3 4 5 6 7 0