0 0 0 7 1 6 4 2 3 0 5
11 1 10 7 1 6 4 2 3 5 0
12 2 10 7 1 6 0 2 3 5 4
13 1 12 7 1 0 4 2 3 6 5
12 2 10 7 1 4 0 2 3 6 5
11 3 8 7 1 4 5 2 3 6 0
13 3 10 7 1 6 4 2 3 5 0
14 2 12 7 1 6 4 2 3 0 5
13 3 10 7 1 6 4 2 3 5 0
14 4 10 0 1 6 7 2 3 5 4
13 5 8 1 0 6 7 2 3 5 4
12 6 6 1 3 6 7 2 0 5 4
13 7 6 4 1 6 7 2 3 5 0
13 7 6 1 3 6 7 2 5 0 4
12 8 4 1 3 6 7 2 5 4 0
14 4 10 0 1 4 7 2 3 6 5
13 5 8 1 0 4 7 2 3 6 5
12 6 6 1 3 4 7 2 0 6 5
12 6 6 1 4 0 7 2 3 6 5
13 7 6 5 1 4 7 2 3 6 0
13 7 6 1 3 4 7 2 6 0 5
12 8 4 1 3 4 7 2 6 5 0
13 7 6 1 4 6 7 2 3 0 5
12 8 4 1 4 6 7 2 3 5 0
13 7 6 1 4 7 0 2 3 6 5
12 8 4 1 4 7 5 2 3 6 0
14 4 10 7 1 4 0 2 3 6 5
13 5 8 7 1 4 5 2 3 6 0
14 4 10 7 1 4 5 2 3 0 6
13 5 8 7 1 4 5 2 3 6 0
14 4 10 7 1 6 0 2 3 5 4
14 6 8 1 6 0 7 2 3 5 4
13 7 6 1 6 5 7 2 3 0 4
12 8 4 1 6 5 7 2 3 4 0
14 8 6 1 3 0 7 2 5 6 4
14 8 6 1 3 6 7 2 0 5 4
14 8 6 1 3 0 7 2 6 4 5
14 8 6 1 3 4 7 2 0 6 5
14 8 6 1 4 0 7 2 3 6 5
15 1 14 7 1 6 4 2 0 3 5
15 3 12 7 1 0 6 2 3 5 4
14 4 10 7 1 5 6 2 3 0 4
13 5 8 7 1 5 6 2 3 4 0
14 4 10 7 1 6 0 2 3 5 4
14 6 8 7 1 5 0 2 3 4 6
15 5 10 7 1 6 5 2 3 0 4
14 6 8 7 1 6 5 2 3 4 0
15 3 12 7 1 0 4 2 3 6 5
15 5 10 2 1 6 7 0 3 5 4
13 7 6 2 1 6 7 4 3 5 0
15 7 8 3 1 6 7 2 0 5 4
15 7 8 1 0 6 7 2 3 5 4
14 8 6 1 3 6 7 2 0 5 4
15 7 8 1 3 6 7 0 2 5 4
13 9 4 1 3 6 7 4 2 5 0
14 8 6 1 3 6 7 2 0 5 4
15 9 6 1 3 6 0 2 5 4 7
14 10 4 1 3 6 7 2 5 4 0
15 9 6 1 3 6 7 2 5 0 4
14 10 4 1 3 6 7 2 5 4 0
15 5 10 2 1 4 7 0 3 6 5
15 7 8 3 1 4 7 2 0 6 5
15 7 8 1 0 4 7 2 3 6 5
14 8 6 1 3 4 7 2 0 6 5
14 8 6 1 4 0 7 2 3 6 5
15 7 8 1 3 4 7 0 2 6 5
14 8 6 1 3 4 7 2 0 6 5
15 9 6 1 3 4 0 2 6 5 7
14 10 4 1 3 4 7 2 6 5 0
15 9 6 1 3 4 7 2 6 0 5
14 10 4 1 3 4 7 2 6 5 0
15 9 6 1 4 6 0 2 3 5 7
14 10 4 1 4 6 7 2 3 5 0
15 9 6 1 4 6 7 2 3 0 5
14 10 4 1 4 6 7 2 3 5 0
15 9 6 1 4 7 0 2 3 6 5
14 10 4 1 4 7 5 2 3 6 0
15 9 6 1 4 7 5 2 3 0 6
14 10 4 1 4 7 5 2 3 6 0
15 5 10 7 1 0 5 2 3 4 6
14 6 8 7 1 5 0 2 3 4 6
15 5 10 7 1 6 4 2 3 5 0
15 7 8 1 6 7 0 2 3 5 4
15 9 6 1 6 5 0 2 3 4 7
14 10 4 1 6 5 7 2 3 4 0
15 9 6 1 6 5 7 2 3 0 4
14 10 4 1 6 5 7 2 3 4 0
15 9 6 1 3 7 0 2 5 6 4
15 9 6 1 3 7 0 2 6 4 5
14 10 4 1 3 7 5 2 6 4 0
15 7 8 7 1 5 6 2 3 4 0
15 7 8 2 1 4 7 5 3 6 0
15 9 6 1 3 4 7 5 2 6 0
16 4 12 7 1 0 4 2 3 5 6
15 5 10 7 1 4 0 2 3 5 6
16 4 12 0 1 6 4 2 3 5 7
15 5 10 1 0 6 4 2 3 5 7
14 6 8 1 3 6 4 2 0 5 7
16 2 14 7 0 1 4 2 3 6 5
15 3 12 7 3 1 4 2 0 6 5
15 3 12 7 1 0 4 2 3 6 5
16 6 10 7 1 0 5 2 3 6 4
15 7 8 7 1 5 0 2 3 6 4
16 6 10 0 1 4 5 2 3 6 7
15 7 8 1 0 4 5 2 3 6 7
14 8 6 1 3 4 5 2 0 6 7
16 4 12 7 1 6 4 2 3 0 5
16 6 10 0 1 6 7 2 3 5 4
15 9 6 4 1 6 7 2 3 5 0
16 8 8 4 1 6 0 2 3 5 7
15 9 6 4 1 6 7 2 3 5 0
16 8 8 4 1 6 7 2 3 0 5
15 9 6 4 1 6 7 2 3 5 0
16 6 10 0 1 4 7 2 3 6 5
15 9 6 5 1 4 7 2 3 6 0
16 8 8 5 1 4 0 2 3 6 7
15 9 6 5 1 4 7 2 3 6 0
16 8 8 5 1 4 7 2 3 0 6
15 9 6 5 1 4 7 2 3 6 0
16 8 8 1 4 6 7 2 0 3 5
16 6 10 7 1 4 0 2 3 6 5
16 6 10 7 1 4 5 2 3 0 6
16 8 8 1 6 0 7 2 3 5 4
16 8 8 1 6 5 7 2 0 3 4
16 2 14 7 1 6 4 0 2 3 5
12 4 8 7 1 6 4 5 2 3 0
15 5 10 7 1 6 0 5 2 3 4
14 6 8 7 1 6 4 5 2 3 0
15 5 10 7 1 6 4 5 2 0 3
14 6 8 7 1 6 4 5 2 3 0
16 6 10 7 1 5 6 2 3 0 4
15 7 8 7 1 5 6 2 3 4 0
16 8 8 0 1 5 7 2 3 4 6
15 9 6 1 0 5 7 2 3 4 6
14 10 4 1 3 5 7 2 0 4 6
13 11 2 1 3 5 7 2 4 0 6
12 12 0 1 3 5 7 2 4 6 0