0 0 0 0 6 4 7 3 2 5 1
11 3 8 1 6 4 7 3 2 5 0
14 4 10 1 6 4 0 3 2 5 7
13 5 8 1 6 4 7 3 2 5 0
14 4 10 1 6 4 7 3 2 0 5
13 5 8 1 6 4 7 3 2 5 0
15 1 14 3 6 4 7 0 2 5 1
11 3 8 3 6 4 7 1 2 5 0
14 2 12 3 6 4 7 2 0 5 1
14 4 10 3 6 4 0 1 2 5 7
13 5 8 3 6 4 7 1 2 5 0
14 4 10 3 6 4 7 1 2 0 5
13 5 8 3 6 4 7 1 2 5 0
15 5 10 1 6 0 4 3 2 5 7
15 5 10 1 6 0 7 3 2 4 5
15 3 12 3 0 4 7 2 6 5 1
14 4 10 3 4 0 7 2 6 5 1
13 5 8 3 4 5 7 2 6 0 1
12 6 6 3 4 5 7 2 6 1 0
14 6 8 3 4 5 7 2 0 6 1
15 3 12 3 6 4 7 2 5 0 1
14 4 10 3 6 4 7 2 5 1 0
15 5 10 3 6 0 4 1 2 5 7
15 5 10 3 6 0 7 1 2 4 5
15 5 10 3 4 7 0 2 6 5 1
14 6 8 3 4 7 1 2 6 5 0
15 7 8 3 4 5 0 2 6 1 7
14 8 6 3 4 5 7 2 6 1 0
15 7 8 3 4 5 7 2 6 0 1
14 8 6 3 4 5 7 2 6 1 0
15 7 8 3 0 5 7 2 4 6 1
16 6 10 1 6 0 7 3 2 5 4
15 7 8 1 6 5 7 3 2 0 4
14 8 6 1 6 5 7 3 2 4 0
16 6 10 1 6 4 0 3 2 5 7
15 7 8 1 6 4 7 3 2 5 0
16 6 10 1 6 4 7 3 2 0 5
15 7 8 1 6 4 7 3 2 5 0
16 6 10 3 6 0 7 1 2 5 4
15 7 8 3 6 5 7 1 2 0 4
14 8 6 3 6 5 7 1 2 4 0
16 6 10 3 6 4 0 1 2 5 7
15 7 8 3 6 4 7 1 2 5 0
16 6 10 3 6 4 7 1 2 0 5
15 7 8 3 6 4 7 1 2 5 0
16 6 10 1 6 5 4 3 2 0 7
15 7 8 1 6 5 4 3 2 7 0
16 6 10 1 0 6 7 3 2 4 5
16 6 10 1 6 7 0 3 2 4 5
15 7 8 1 6 7 5 3 2 4 0
16 4 12 3 6 4 7 2 0 5 1
16 4 12 0 3 4 7 2 6 5 1
11 7 4 1 3 4 7 2 6 5 0
14 8 6 1 3 4 0 2 6 5 7
13 9 4 1 3 4 7 2 6 5 0
14 8 6 1 3 4 7 2 6 0 5
13 9 4 1 3 4 7 2 6 5 0
15 9 6 1 3 0 7 2 6 4 5
15 9 6 1 3 4 7 2 0 6 5
16 6 10 3 4 0 7 2 6 5 1
16 4 12 3 6 0 7 2 5 4 1
16 6 10 3 6 5 4 1 2 0 7
15 7 8 3 6 5 4 1 2 7 0
16 6 10 3 0 6 7 1 2 4 5
16 6 10 3 6 7 0 1 2 4 5
15 7 8 3 6 7 5 1 2 4 0
16 8 8 3 4 5 7 2 0 6 1
16 8 8 0 3 5 7 2 4 6 1
11 11 0 1 3 5 7 2 4 6 0