0 0 0 0 6 4 7 3 2 5 1
8 1 7 3 6 4 7 0 2 5 1
8 1 7 6 0 4 7 3 2 5 1
8 3 5 1 6 4 7 3 2 5 0
8 2 6 3 6 4 7 2 0 5 1
9 2 7 0 6 4 7 3 2 5 1
9 3 6 3 6 4 7 1 2 5 0
9 2 7 6 2 4 7 3 0 5 1
9 2 7 6 4 0 7 3 2 5 1
9 3 6 3 0 4 7 2 6 5 1
9 3 6 3 6 4 7 2 5 0 1
9 3 6 6 4 5 7 3 2 0 1
9 4 5 0 3 4 7 2 6 5 1
9 4 5 3 6 4 7 2 5 1 0
9 4 5 6 4 5 7 3 2 1 0
10 2 8 7 6 4 0 3 2 5 1
10 3 7 2 6 4 7 3 0 5 1
10 4 6 1 6 4 7 3 2 0 5
10 3 7 3 6 4 7 0 2 5 1
10 3 7 6 0 4 7 3 2 5 1
10 5 5 1 6 4 7 3 2 5 0
10 3 7 6 2 4 7 0 3 5 1
10 3 7 6 2 4 7 3 5 0 1
10 4 6 3 6 4 7 2 0 5 1
10 4 6 3 4 0 7 2 6 5 1
10 4 6 3 6 0 7 2 5 4 1
10 4 6 6 4 5 7 3 0 2 1
10 7 3 1 3 4 7 2 6 5 0
10 3 7 7 6 4 1 3 2 5 0
10 3 7 7 6 0 4 3 2 5 1
10 4 6 6 2 4 7 3 5 1 0
10 5 5 3 4 5 7 2 6 0 1
10 5 5 6 0 5 7 3 4 2 1
10 6 4 3 4 5 7 2 0 6 1
10 6 4 3 4 5 7 2 6 1 0
10 7 3 3 0 5 7 2 4 6 1
10 8 2 0 3 5 7 2 4 6 1
11 4 7 3 0 4 7 6 2 5 1
11 4 7 1 6 4 0 3 2 5 7
10 5 5 1 6 4 7 3 2 5 0
11 5 6 1 6 4 7 0 2 5 3
11 4 7 3 6 4 7 1 2 0 5
11 3 8 6 4 7 0 3 2 5 1
11 4 7 6 4 0 7 3 2 5 1
11 5 6 2 3 4 7 0 6 5 1
11 5 6 3 0 4 7 2 6 5 1
11 5 6 3 6 4 7 2 5 0 1
11 5 6 6 4 5 7 3 2 0 1
11 4 7 0 6 4 7 3 2 5 1
11 4 7 2 0 4 7 3 6 5 1
11 4 7 2 6 4 7 0 3 5 1
11 4 7 2 6 4 7 3 5 0 1
11 5 6 1 6 0 7 3 2 4 5
11 5 6 1 6 4 7 3 0 2 5
11 5 6 3 6 4 7 1 2 5 0
11 4 7 6 2 4 7 3 0 5 1
11 4 7 0 2 4 7 6 3 5 1
11 5 6 6 2 4 7 1 3 5 0
11 4 7 6 2 0 7 3 5 4 1
11 5 6 3 0 6 7 2 5 4 1
11 5 6 6 4 5 7 0 3 2 1
11 4 7 7 6 5 4 3 2 0 1
11 4 7 7 0 6 4 3 2 5 1
11 6 5 0 6 5 7 3 4 2 1
11 11 0 1 3 5 7 2 4 6 0