0 0 0 3 4 0 6 2 7 1 5
13 1 12 3 4 1 6 2 7 0 5
12 2 10 3 4 1 6 2 7 5 0
13 1 12 3 4 6 0 2 7 1 5
12 2 10 3 4 6 5 2 7 1 0
13 3 10 3 4 1 0 2 7 5 6
14 2 12 3 4 1 6 2 0 7 5
14 4 10 3 4 1 6 2 7 5 0
15 3 12 3 4 1 6 2 7 0 5
14 4 10 3 4 1 6 2 7 5 0
15 3 12 3 4 6 0 2 7 1 5
14 4 10 3 4 6 5 2 7 1 0
15 3 12 3 4 6 5 2 7 0 1
14 4 10 3 4 6 5 2 7 1 0
15 3 12 3 0 1 6 2 4 7 5
14 4 10 3 1 0 6 2 4 7 5
13 5 8 3 1 7 6 2 4 0 5
12 6 6 3 1 7 6 2 4 5 0
13 5 8 3 1 6 0 2 4 7 5
12 6 6 3 1 6 5 2 4 7 0
13 7 6 3 1 7 0 2 4 5 6
13 7 6 3 1 6 5 2 4 0 7
14 8 6 3 1 6 7 2 4 0 5
13 9 4 3 1 6 7 2 4 5 0
14 8 6 3 1 7 6 2 4 5 0
14 8 6 3 1 0 7 2 4 5 6
13 9 4 3 1 5 7 2 4 0 6
12 10 2 3 1 5 7 2 4 6 0
14 8 6 3 1 0 5 2 4 6 7
14 8 6 3 1 6 5 2 4 7 0
15 5 10 3 4 1 0 2 7 5 6
15 7 8 3 1 7 6 2 4 0 5
14 8 6 3 1 7 6 2 4 5 0
15 7 8 3 1 6 0 2 4 7 5
14 8 6 3 1 6 5 2 4 7 0
15 9 6 3 1 0 7 2 4 6 5
15 9 6 3 1 7 0 2 4 5 6
15 11 4 3 1 5 0 2 4 6 7
14 12 2 3 1 5 7 2 4 6 0
15 11 4 3 1 5 7 2 4 0 6
14 12 2 3 1 5 7 2 4 6 0
15 9 6 3 1 6 5 2 4 0 7
16 2 14 3 4 0 6 2 7 1 5
16 4 12 3 4 6 1 2 7 0 5
15 5 10 3 4 6 1 2 7 5 0
16 4 12 3 4 0 1 2 7 5 6
15 5 10 3 4 5 1 2 7 0 6
14 6 8 3 4 5 1 2 7 6 0
15 5 10 3 4 1 0 2 7 5 6
16 6 10 3 4 1 5 2 7 0 6
15 7 8 3 4 1 5 2 7 6 0
16 4 12 3 4 1 6 2 0 7 5
16 4 12 3 4 0 5 2 7 6 1
16 4 12 3 4 6 5 2 0 7 1
16 4 12 0 3 1 6 2 4 7 5
15 7 8 5 3 1 6 2 4 7 0
16 6 10 3 1 0 6 2 4 7 5
16 6 10 3 1 7 6 2 0 4 5
16 10 6 3 1 7 5 2 4 0 6
15 11 4 3 1 7 5 2 4 6 0
16 8 8 3 1 6 5 2 0 4 7
15 9 6 3 1 6 5 2 4 0 7
16 10 6 3 1 6 0 2 4 5 7
15 11 4 3 1 6 7 2 4 5 0
16 10 6 3 1 6 7 2 4 0 5
15 11 4 3 1 6 7 2 4 5 0
16 10 6 3 1 0 7 2 4 5 6
16 10 6 3 1 5 7 2 0 4 6
16 6 10 3 4 1 6 2 7 5 0
16 10 6 3 1 7 0 2 4 6 5
15 11 4 3 1 7 5 2 4 6 0
16 10 6 3 1 7 6 2 4 5 0
16 10 6 3 1 6 5 2 4 7 0
16 6 10 3 4 5 1 2 0 7 6
16 6 10 6 3 1 0 2 4 7 5
15 7 8 6 3 1 5 2 4 7 0
16 8 8 5 3 1 0 2 4 7 6
16 8 8 5 3 1 6 2 4 0 7
16 8 8 6 3 1 5 2 4 0 7
17 1 16 3 0 4 6 2 7 1 5
16 2 14 3 7 4 6 2 0 1 5
15 3 12 3 7 4 6 2 1 0 5
14 4 10 3 7 4 6 2 1 5 0
15 5 10 3 7 4 0 2 1 5 6
16 2 14 3 4 0 6 2 7 1 5
16 4 12 3 7 0 6 2 1 4 5
15 5 10 3 7 6 0 2 1 4 5
14 6 8 3 7 6 5 2 1 4 0
16 6 10 3 7 4 6 2 1 5 0
17 5 12 3 4 0 5 2 7 1 6
16 6 10 3 4 5 0 2 7 1 6
17 3 14 3 4 1 6 0 2 7 5
15 5 10 3 4 1 6 5 2 7 0
16 4 12 3 4 1 6 2 0 7 5
16 6 10 3 4 1 0 5 2 7 6
17 5 12 3 4 1 6 2 7 0 5
16 6 10 3 4 1 6 2 7 5 0
17 5 12 3 4 6 0 2 7 1 5
16 6 10 3 4 6 5 2 7 1 0
17 5 12 3 4 6 5 2 7 0 1
16 6 10 3 4 6 5 2 7 1 0
17 5 12 3 0 1 6 2 4 7 5
16 6 10 3 1 0 6 2 4 7 5
17 9 8 3 1 0 6 2 4 5 7
17 9 8 3 1 0 5 2 4 7 6
16 10 6 3 1 5 0 2 4 7 6
17 9 8 3 1 6 7 2 0 4 5
17 9 8 3 0 1 7 2 4 5 6
16 10 6 3 1 0 7 2 4 5 6
17 9 8 3 0 1 5 2 4 6 7
17 9 8 3 1 7 6 2 4 0 5
16 10 6 3 1 7 6 2 4 5 0
17 9 8 3 1 6 0 2 4 7 5
16 10 6 3 1 6 5 2 4 7 0
17 13 4 3 1 5 0 2 4 6 7
16 14 2 3 1 5 7 2 4 6 0
17 13 4 3 1 5 7 2 4 0 6
16 14 2 3 1 5 7 2 4 6 0
17 5 12 3 4 0 1 2 7 6 5
17 5 12 3 4 6 1 2 0 7 5
17 7 10 3 4 5 0 2 7 6 1
16 8 8 3 4 5 1 2 7 6 0
17 7 10 3 4 5 1 2 7 0 6
16 8 8 3 4 5 1 2 7 6 0
17 7 10 3 4 1 5 2 0 7 6
17 5 12 3 0 6 5 2 4 7 1
17 5 12 2 3 1 6 0 4 7 5
17 11 6 3 1 7 0 2 4 5 6
17 7 10 3 4 1 0 2 7 5 6
17 7 10 3 0 5 1 2 4 7 6
17 9 8 6 3 1 7 2 4 0 5
16 10 6 6 3 1 7 2 4 5 0
17 9 8 5 3 1 6 2 4 7 0
17 11 6 5 3 1 7 2 4 0 6
16 12 4 5 3 1 7 2 4 6 0
17 9 8 6 3 1 5 2 4 7 0
17 5 12 3 7 4 6 2 1 0 5
16 6 10 3 7 4 6 2 1 5 0
17 7 10 3 7 6 0 2 1 4 5
16 8 8 3 7 6 5 2 1 4 0
17 7 10 3 7 6 5 2 1 0 4
16 8 8 3 7 6 5 2 1 4 0
17 7 10 3 7 4 0 2 1 5 6
17 7 10 3 4 5 6 2 7 1 0
17 7 10 3 4 1 6 5 2 7 0
17 11 6 3 1 5 6 2 4 7 0
17 7 10 2 3 1 6 5 4 7 0
18 10 8 3 0 1 7 2 4 6 5
18 12 6 3 1 0 5 2 4 6 7
18 6 12 3 4 6 0 2 7 5 1
17 7 10 3 4 6 1 2 7 5 0
18 6 12 3 4 6 1 2 7 0 5
17 7 10 3 4 6 1 2 7 5 0
18 6 12 3 4 0 1 2 7 5 6
17 7 10 3 4 1 0 2 7 5 6
18 8 10 3 4 1 0 2 7 6 5
17 9 8 3 4 1 5 2 7 6 0
18 8 10 3 4 1 5 2 7 0 6
17 9 8 3 4 1 5 2 7 6 0
18 12 6 3 1 7 5 2 4 0 6
17 13 4 3 1 7 5 2 4 6 0
18 10 8 3 1 6 5 2 0 4 7
18 12 6 3 1 6 0 2 4 5 7
17 13 4 3 1 6 7 2 4 5 0
18 12 6 3 1 6 7 2 4 0 5
17 13 4 3 1 6 7 2 4 5 0
18 12 6 3 1 7 0 2 4 6 5
17 13 4 3 1 7 5 2 4 6 0
18 8 10 6 3 1 0 2 4 7 5
17 9 8 6 3 1 5 2 4 7 0
18 2 16 0 3 4 6 2 7 1 5
17 5 12 5 3 4 6 2 7 1 0
18 4 14 3 7 4 6 2 0 1 5
18 6 12 3 7 0 4 2 1 5 6
17 7 10 3 7 5 4 2 1 0 6
16 8 8 3 7 5 4 2 1 6 0
17 7 10 3 7 4 0 2 1 5 6
17 9 8 3 7 5 0 2 1 6 4
18 8 10 3 7 4 5 2 1 0 6
17 9 8 3 7 4 5 2 1 6 0
18 6 12 3 7 0 6 2 1 4 5
18 6 12 3 4 1 0 6 2 7 5
17 7 10 3 4 1 5 6 2 7 0
18 6 12 3 4 1 6 5 2 0 7
17 7 10 3 4 1 6 5 2 7 0
18 6 12 3 4 1 6 2 0 7 5
18 6 12 3 4 0 5 2 7 6 1
18 6 12 3 4 6 5 2 0 7 1
18 10 8 3 4 1 7 2 0 5 6
18 10 8 0 3 1 7 2 4 5 6
18 10 8 3 4 1 5 2 0 6 7
18 10 8 0 3 1 5 2 4 6 7
18 6 12 3 0 6 1 2 4 7 5
18 8 10 3 4 5 1 2 0 7 6
18 6 12 0 3 6 5 2 4 7 1
13 9 4 1 3 6 5 2 4 7 0
14 10 4 1 3 6 5 2 4 0 7
15 11 4 1 3 0 5 2 4 6 7
14 12 2 1 3 5 0 2 4 6 7
13 13 0 1 3 5 7 2 4 6 0