0 0 0 6 4 1 7 5 3 0 2
13 1 12 6 4 1 7 5 3 2 0
14 2 12 6 4 1 0 5 3 2 7
15 1 14 6 4 1 7 5 0 3 2
15 3 12 6 4 1 7 5 3 2 0
16 2 14 6 4 1 7 5 3 0 2
15 3 12 6 4 1 7 5 3 2 0
16 4 12 6 4 1 0 5 3 2 7
17 1 16 6 4 0 7 5 3 1 2
16 2 14 6 4 7 0 5 3 1 2
15 3 12 6 4 7 2 5 3 1 0
17 3 14 6 4 1 7 0 3 2 5
17 3 14 6 4 0 1 5 3 2 7
16 4 12 6 4 2 1 5 3 0 7
15 5 10 6 4 2 1 5 3 7 0
16 4 12 6 4 1 0 5 3 2 7
17 5 12 6 4 1 2 5 3 0 7
16 6 10 6 4 1 2 5 3 7 0
17 3 14 6 4 1 7 5 0 3 2
17 5 12 6 4 1 7 5 3 2 0
17 5 12 6 4 2 1 5 0 3 7
18 4 14 0 4 1 7 5 3 2 6
17 5 12 5 4 1 7 0 3 2 6
17 7 10 5 4 1 7 6 3 2 0
18 2 16 6 0 1 7 5 4 3 2
17 3 14 6 4 1 7 5 0 3 2
17 3 14 6 1 0 7 5 4 3 2
16 4 12 6 1 3 7 5 4 0 2
15 5 10 6 1 3 7 5 4 2 0
16 4 12 6 1 7 0 5 4 3 2
15 5 10 6 1 7 2 5 4 3 0
16 6 10 6 1 3 0 5 4 2 7
17 5 12 6 1 3 7 5 0 4 2
17 7 10 6 1 3 7 5 4 2 0
18 2 16 6 4 1 7 0 5 3 2
14 4 10 6 4 1 7 2 5 3 0
17 3 14 6 4 1 7 5 0 3 2
17 5 12 6 4 1 0 2 5 3 7
16 6 10 6 4 1 7 2 5 3 0
17 5 12 6 4 1 7 2 5 0 3
16 6 10 6 4 1 7 2 5 3 0
18 4 14 6 4 1 7 5 3 0 2
18 2 16 6 0 4 7 5 3 1 2
17 3 14 6 3 4 7 5 0 1 2
16 4 12 6 3 4 7 5 1 0 2
15 5 10 6 3 4 7 5 1 2 0
16 6 10 6 3 4 0 5 1 2 7
17 7 10 6 3 4 7 5 1 2 0
17 7 10 6 3 0 4 5 1 2 7
16 8 8 6 3 2 4 5 1 0 7
15 9 6 6 3 2 4 5 1 7 0
18 4 14 6 4 7 0 5 3 1 2
17 5 12 6 4 7 2 5 3 1 0
18 4 14 6 4 7 2 5 3 0 1
17 5 12 6 4 7 2 5 3 1 0
18 4 14 0 4 1 7 6 3 2 5
17 7 10 5 4 1 7 6 3 2 0
18 4 14 6 4 1 7 3 0 2 5
17 5 12 6 4 1 7 3 2 0 5
16 6 10 6 4 1 7 3 2 5 0
18 4 14 6 0 4 1 5 3 2 7
17 5 12 6 3 4 1 5 0 2 7
16 6 10 6 3 4 1 5 2 0 7
15 7 8 6 3 4 1 5 2 7 0
18 6 12 6 4 2 0 5 3 7 1
17 7 10 6 4 2 1 5 3 7 0
18 6 12 6 4 2 1 5 3 0 7
17 7 10 6 4 2 1 5 3 7 0
18 6 12 6 4 1 2 5 0 3 7
18 6 12 6 4 1 0 5 3 2 7
18 6 12 5 4 1 7 3 0 2 6
17 7 10 5 4 1 7 3 2 0 6
16 8 8 5 4 1 7 3 2 6 0
18 6 12 6 1 3 7 5 4 0 2
17 7 10 6 1 3 7 5 4 2 0
18 6 12 6 1 7 0 5 4 3 2
17 7 10 6 1 7 2 5 4 3 0
18 6 12 6 1 7 2 5 4 0 3
17 7 10 6 1 7 2 5 4 3 0
18 8 10 6 1 3 0 5 4 2 7
18 6 12 6 4 1 7 2 0 5 3
18 6 12 6 3 4 7 5 1 0 2
17 7 10 6 3 4 7 5 1 2 0
18 8 10 6 3 4 0 5 1 2 7
18 8 10 6 0 3 4 5 1 2 7
17 9 8 6 1 3 4 5 0 2 7
16 10 6 6 1 3 4 5 2 0 7
15 11 4 6 1 3 4 5 2 7 0
18 10 8 6 3 2 0 5 1 7 4
17 11 6 6 3 2 4 5 1 7 0
18 10 8 6 3 2 4 5 1 0 7
17 11 6 6 3 2 4 5 1 7 0
18 8 10 6 3 4 0 5 2 7 1
17 9 8 6 3 4 1 5 2 7 0
18 8 10 6 3 4 1 5 2 0 7
17 9 8 6 3 4 1 5 2 7 0
18 12 6 6 1 3 0 5 2 7 4
17 13 4 6 1 3 4 5 2 7 0
18 12 6 6 1 3 4 5 2 0 7
17 13 4 6 1 3 4 5 2 7 0
19 5 14 6 4 1 5 0 3 2 7
19 3 16 6 4 0 7 5 3 1 2
18 4 14 6 4 1 7 5 3 0 2
19 5 14 6 4 7 1 5 3 0 2
18 6 12 6 4 7 1 5 3 2 0
19 5 14 6 4 0 1 5 3 2 7
19 7 12 6 4 1 0 5 3 7 2
18 8 10 6 4 1 2 5 3 7 0
19 7 12 6 4 1 2 5 3 0 7
18 8 10 6 4 1 2 5 3 7 0
19 5 14 4 0 1 7 5 3 2 6
18 6 12 4 3 1 7 5 0 2 6
17 7 10 4 3 1 7 5 2 0 6
16 8 8 4 3 1 7 5 2 6 0
18 6 12 4 1 0 7 5 3 2 6
19 7 12 6 4 1 7 5 3 2 0
19 7 12 3 4 1 7 5 0 2 6
18 8 10 3 4 1 7 5 2 0 6
17 9 8 3 4 1 7 5 2 6 0
19 3 16 0 6 1 7 5 4 3 2
16 6 10 2 6 1 7 5 4 3 0
17 7 10 2 6 1 0 5 4 3 7
18 4 14 5 6 1 7 0 4 3 2
14 6 8 5 6 1 7 2 4 3 0
17 7 10 5 6 1 0 2 4 3 7
16 8 8 5 6 1 7 2 4 3 0
17 7 10 5 6 1 7 2 4 0 3
16 8 8 5 6 1 7 2 4 3 0
18 8 10 2 6 1 7 5 4 3 0
19 5 14 6 1 0 7 5 4 3 2
19 7 12 6 1 3 7 0 4 2 5
19 7 12 6 1 7 3 5 4 0 2
18 8 10 6 1 7 3 5 4 2 0
19 7 12 6 1 0 3 5 4 2 7
18 8 10 6 1 2 3 5 4 0 7
17 9 8 6 1 2 3 5 4 7 0
18 8 10 6 1 3 0 5 4 2 7
19 9 10 6 1 3 2 5 4 0 7
18 10 8 6 1 3 2 5 4 7 0
19 3 16 0 4 1 7 6 5 3 2
16 6 10 2 4 1 7 6 5 3 0
17 7 10 2 4 1 0 6 5 3 7
18 8 10 2 4 1 7 6 5 3 0
19 5 14 6 4 1 0 7 5 3 2
18 6 12 6 4 1 2 7 5 3 0
19 7 12 0 4 1 7 2 5 3 6
19 7 12 6 4 1 0 2 5 3 7
19 7 12 6 4 1 7 2 5 0 3
19 5 14 6 4 1 7 5 0 3 2
19 3 16 0 6 4 7 5 3 1 2
16 6 10 2 6 4 7 5 3 1 0
17 7 10 2 6 4 0 5 3 1 7
18 8 10 2 6 4 7 5 3 1 0
18 8 10 2 6 0 4 5 3 1 7
17 9 8 2 6 1 4 5 3 0 7
16 10 6 2 6 1 4 5 3 7 0
18 10 8 2 6 1 4 5 0 3 7
19 5 14 6 3 0 7 5 1 4 2
18 6 12 6 3 7 0 5 1 4 2
17 7 10 6 3 7 2 5 1 4 0
18 8 10 6 3 7 2 5 1 0 4
19 5 14 6 3 4 7 5 0 1 2
19 9 10 6 3 4 2 5 1 0 7
18 10 8 6 3 4 2 5 1 7 0
19 9 10 6 3 0 4 5 1 2 7
19 9 10 6 3 2 4 5 0 1 7
19 5 14 6 4 7 2 5 0 3 1
19 5 14 4 0 1 7 6 3 2 5
18 6 12 4 3 1 7 6 0 2 5
17 7 10 4 3 1 7 6 2 0 5
16 8 8 4 3 1 7 6 2 5 0
18 6 12 4 1 0 7 6 3 2 5
19 7 12 3 4 1 7 6 0 2 5
18 8 10 3 4 1 7 6 2 0 5
17 9 8 3 4 1 7 6 2 5 0
19 5 14 6 0 1 7 3 4 2 5
18 6 12 6 1 0 7 3 4 2 5
19 7 12 6 4 1 0 3 2 5 7
18 8 10 6 4 1 7 3 2 5 0
19 7 12 6 4 1 7 3 2 0 5
18 8 10 6 4 1 7 3 2 5 0
19 5 14 0 6 4 1 5 3 2 7
15 7 8 1 6 4 0 5 3 2 7
16 8 8 1 6 4 7 5 3 2 0
16 8 8 1 6 0 4 5 3 2 7
15 9 6 1 6 2 4 5 3 0 7
14 10 4 1 6 2 4 5 3 7 0
16 10 6 1 6 2 4 5 0 3 7
17 9 8 1 6 4 0 5 3 2 7
17 11 6 1 6 2 0 5 3 7 4
16 12 4 1 6 2 4 5 3 7 0
17 11 6 1 6 2 4 5 3 0 7
16 12 4 1 6 2 4 5 3 7 0
17 11 6 1 0 2 4 5 6 3 7
16 12 4 1 2 0 4 5 6 3 7
15 13 2 1 2 3 4 5 6 0 7
14 14 0 1 2 3 4 5 6 7 0