0 0 0 2 7 4 5 1 3 6 0
11 1 10 2 7 4 0 1 3 6 5
10 2 8 2 7 4 5 1 3 6 0
11 1 10 2 7 4 5 1 3 0 6
10 2 8 2 7 4 5 1 3 6 0
12 2 10 2 7 0 5 1 3 4 6
11 3 8 2 7 5 0 1 3 4 6
12 4 8 2 7 5 6 1 3 4 0
13 3 10 2 7 0 5 1 3 6 4
12 4 8 2 7 5 0 1 3 6 4
13 3 10 2 7 4 0 1 3 6 5
12 4 8 2 7 4 5 1 3 6 0
13 3 10 2 7 4 5 1 3 0 6
12 4 8 2 7 4 5 1 3 6 0
13 3 10 2 0 7 5 1 3 4 6
12 4 8 2 3 7 5 1 0 4 6
11 5 6 2 3 7 5 1 4 0 6
10 6 4 2 3 7 5 1 4 6 0
13 5 8 2 7 5 0 1 3 4 6
13 5 8 2 7 5 4 1 3 6 0
13 7 6 2 3 7 0 1 4 6 5
12 8 4 2 3 7 5 1 4 6 0
13 7 6 2 3 7 5 1 4 0 6
12 8 4 2 3 7 5 1 4 6 0
14 2 12 2 7 0 4 1 3 6 5
14 2 12 2 7 4 5 1 0 3 6
14 4 10 2 7 0 5 1 3 4 6
13 5 8 2 7 5 0 1 3 4 6
14 4 10 2 7 6 5 1 3 0 4
13 5 8 2 7 6 5 1 3 4 0
14 4 10 2 0 7 5 1 3 6 4
13 5 8 2 3 7 5 1 0 6 4
14 6 8 2 3 0 5 1 4 7 6
13 7 6 2 3 5 0 1 4 7 6
14 6 8 2 3 7 5 1 0 4 6
14 6 8 2 7 5 6 1 3 4 0
14 6 8 2 7 5 0 1 3 6 4
14 8 6 2 3 0 7 1 4 6 5
14 6 8 2 3 7 5 1 6 0 4
13 7 6 2 3 7 5 1 6 4 0
14 8 6 2 3 5 6 1 4 7 0
14 10 4 2 3 5 7 1 4 0 6
13 11 2 2 3 5 7 1 4 6 0
15 5 10 2 7 5 6 1 3 0 4
14 6 8 2 7 5 6 1 3 4 0
15 5 10 2 7 0 5 1 3 6 4
14 6 8 2 7 5 0 1 3 6 4
15 5 10 2 7 4 0 1 3 6 5
14 6 8 2 7 4 5 1 3 6 0
15 5 10 2 7 4 5 1 3 0 6
14 6 8 2 7 4 5 1 3 6 0
15 5 10 2 0 7 5 1 3 4 6
14 6 8 2 3 7 5 1 0 4 6
15 5 10 2 3 7 5 0 1 4 6
14 6 8 2 3 7 5 1 0 4 6
15 9 6 2 3 0 5 1 4 6 7
15 9 6 2 3 7 0 1 4 6 5
14 10 4 2 3 7 5 1 4 6 0
15 9 6 2 3 7 5 1 4 0 6
14 10 4 2 3 7 5 1 4 6 0
15 3 12 2 7 6 4 1 3 0 5
14 4 10 2 7 6 4 1 3 5 0
15 3 12 2 0 7 4 1 3 6 5
14 4 10 2 3 7 4 1 0 6 5
13 5 8 2 3 7 4 1 6 0 5
12 6 6 2 3 7 4 1 6 5 0
14 6 8 2 3 0 4 1 6 7 5
15 7 8 2 7 5 0 1 3 4 6
15 7 8 2 7 5 4 1 3 6 0
15 9 6 2 3 6 7 1 4 0 5
14 10 4 2 3 6 7 1 4 5 0
15 7 8 2 3 7 5 1 0 6 4
15 9 6 2 3 5 0 1 4 7 6
15 9 6 2 3 5 6 1 4 0 7
15 7 8 2 3 7 5 6 1 4 0
15 5 10 2 7 6 0 1 3 5 4
15 7 8 2 3 7 0 1 6 5 4
14 8 6 2 3 7 4 1 6 5 0
15 7 8 2 3 7 4 1 6 0 5
14 8 6 2 3 7 4 1 6 5 0
15 7 8 2 0 3 4 1 6 7 5
15 7 8 2 3 4 0 1 6 7 5
16 2 14 2 7 4 5 0 3 6 1
12 4 8 2 7 4 5 1 3 6 0
16 4 12 2 7 4 6 1 3 0 5
15 5 10 2 7 4 6 1 3 5 0
16 6 10 2 7 5 4 1 3 0 6
15 7 8 2 7 5 4 1 3 6 0
16 4 12 0 2 7 5 1 3 4 6
15 5 10 1 2 7 5 0 3 4 6
15 7 8 1 2 7 5 6 3 4 0
16 6 10 2 7 0 5 1 3 4 6
15 7 8 2 7 5 0 1 3 4 6
16 6 10 2 7 6 0 1 3 4 5
15 7 8 2 7 6 5 1 3 4 0
16 6 10 2 7 6 5 1 3 0 4
15 7 8 2 7 6 5 1 3 4 0
16 6 10 2 0 7 5 1 3 6 4
15 7 8 2 3 7 5 1 0 6 4
16 6 10 2 3 7 5 0 1 6 4
14 8 6 2 3 7 5 4 1 6 0
15 7 8 2 3 7 5 1 0 6 4
16 8 8 2 3 0 5 1 4 7 6
15 9 6 2 3 5 0 1 4 7 6
16 8 8 2 3 7 0 1 6 4 5
15 9 6 2 3 7 5 1 6 4 0
16 8 8 2 3 7 5 1 6 0 4
15 9 6 2 3 7 5 1 6 4 0
16 12 4 2 3 5 0 1 4 6 7
15 13 2 2 3 5 7 1 4 6 0
16 12 4 2 3 5 7 1 4 0 6
15 13 2 2 3 5 7 1 4 6 0
16 6 10 0 3 7 5 2 1 4 6
15 9 6 1 3 7 5 2 0 4 6
14 10 4 1 3 7 5 2 4 0 6
13 11 2 1 3 7 5 2 4 6 0
16 10 6 2 3 6 5 1 4 0 7
16 4 12 2 7 6 4 1 0 3 5
16 4 12 0 2 7 4 1 3 6 5
13 7 6 5 2 7 4 1 3 6 0
15 5 10 1 2 7 4 0 3 6 5
11 7 4 1 2 7 4 5 3 6 0
14 8 6 1 2 7 0 5 3 6 4
13 9 4 1 2 7 4 5 3 6 0
14 8 6 1 2 7 4 5 3 0 6
13 9 4 1 2 7 4 5 3 6 0
15 9 6 1 2 0 4 5 3 7 6
15 9 6 1 2 7 4 5 0 3 6
16 6 10 2 3 7 4 1 0 6 5
16 8 8 2 7 5 6 1 3 4 0
16 8 8 2 7 5 0 1 3 6 4
16 10 6 2 3 5 6 1 4 7 0
16 6 10 2 7 6 4 1 3 5 0
16 8 8 2 3 0 7 1 6 5 4
15 9 6 2 3 5 7 1 6 0 4
14 10 4 2 3 5 7 1 6 4 0
16 8 8 2 3 0 4 1 6 7 5
16 8 8 2 6 3 4 1 0 7 5
16 8 8 0 2 3 4 1 6 7 5
13 11 2 5 2 3 4 1 6 7 0
15 9 6 1 2 3 4 0 6 7 5
11 11 0 1 2 3 4 5 6 7 0