0 0 0 4 6 0 1 2 3 5 7
0 0 6 4 6 5 1 2 3 0 7
0 0 5 4 6 5 1 2 3 7 0
0 0 6 4 6 5 1 2 0 3 7
0 0 6 4 6 5 0 2 3 7 1
0 0 5 4 6 5 1 2 3 7 0
0 0 5 4 6 5 7 2 3 0 1
0 0 4 4 6 5 7 2 3 1 0
0 0 5 4 6 5 7 2 0 3 1
0 0 5 4 6 5 7 2 3 0 1
0 0 4 4 6 5 7 2 3 1 0
0 0 5 0 6 5 7 2 3 1 4
0 0 4 4 6 5 7 2 3 1 0
0 0 5 4 0 5 7 2 6 3 1
0 0 5 4 6 5 7 2 0 3 1
0 0 5 4 6 5 7 2 3 0 1
0 0 4 4 6 5 7 2 3 1 0
0 0 5 6 0 5 7 2 3 1 4
0 0 4 6 3 5 7 2 0 1 4
0 0 4 6 3 5 7 2 1 0 4
0 0 3 6 3 5 7 2 1 4 0
0 0 4 6 3 5 7 2 0 1 4
0 0 4 6 3 5 7 2 1 0 4
0 0 3 6 3 5 7 2 1 4 0
0 0 4 0 3 5 7 2 1 4 6
0 0 3 6 3 5 7 2 1 4 0
0 0 3 1 3 5 7 2 0 4 6
0 0 2 1 3 5 7 2 4 0 6
0 0 0 1 3 5 7 2 4 6 0