0 0 0 0 1 2 5 7 6 4 3
12 2 10 5 1 2 0 7 6 4 3
11 3 8 5 1 2 3 7 6 4 0
12 4 8 5 1 2 3 7 6 0 4
13 5 8 5 1 2 4 7 6 0 3
12 6 6 5 1 2 4 7 6 3 0
13 5 8 5 1 2 3 7 6 4 0
14 4 10 5 1 2 0 7 6 4 3
13 5 8 5 1 2 3 7 6 4 0
14 6 8 5 1 2 3 7 6 0 4
15 1 14 1 0 2 5 7 6 4 3
14 2 12 1 2 0 5 7 6 4 3
13 3 10 1 2 4 5 7 6 0 3
12 4 8 1 2 4 5 7 6 3 0
13 3 10 1 2 5 0 7 6 4 3
12 4 8 1 2 5 3 7 6 4 0
13 5 8 1 2 4 0 7 6 3 5
13 5 8 1 2 5 3 7 6 0 4
14 6 8 1 2 5 4 7 6 0 3
13 7 6 1 2 5 4 7 6 3 0
14 6 8 1 2 4 5 7 6 3 0
14 6 8 1 2 0 4 7 6 3 5
13 7 6 1 2 3 4 7 6 0 5
12 8 4 1 2 3 4 7 6 5 0
14 6 8 1 2 0 3 7 6 5 4
14 6 8 1 2 5 3 7 6 4 0
15 3 12 3 1 2 5 7 6 4 0
15 3 12 5 1 0 2 7 6 4 3
14 4 10 5 1 4 2 7 6 0 3
13 5 8 5 1 4 2 7 6 3 0
15 5 10 5 1 2 3 0 6 4 7
15 5 10 5 1 0 3 7 6 2 4
14 6 8 5 1 2 3 7 6 0 4
14 6 8 5 1 3 0 7 6 2 4
13 7 6 5 1 3 4 7 6 2 0
15 5 10 5 1 2 3 7 0 6 4
14 6 8 5 1 2 3 7 6 0 4
15 7 8 5 1 2 0 7 6 3 4
14 8 6 5 1 2 4 7 6 3 0
15 7 8 5 1 2 4 7 6 0 3
14 8 6 5 1 2 4 7 6 3 0
15 7 8 5 1 2 3 7 6 4 0
15 5 10 1 2 4 5 7 6 0 3
14 6 8 1 2 4 5 7 6 3 0
15 5 10 1 2 5 0 7 6 4 3
14 6 8 1 2 5 3 7 6 4 0
15 7 8 1 2 0 4 7 6 5 3
15 7 8 1 2 4 0 7 6 3 5
15 9 6 1 2 3 0 7 6 5 4
14 10 4 1 2 3 4 7 6 5 0
15 9 6 1 2 3 4 7 6 0 5
14 10 4 1 2 3 4 7 6 5 0
15 7 8 1 2 5 3 7 6 0 4
16 6 10 5 1 0 4 7 6 2 3
16 6 10 5 1 2 4 7 0 6 3
16 8 8 5 1 2 4 0 6 3 7
16 6 10 5 1 2 0 7 6 4 3
15 7 8 5 1 2 3 7 6 4 0
16 2 14 1 6 2 5 7 0 4 3
16 4 12 1 2 0 5 7 6 4 3
16 4 12 1 2 4 5 7 0 6 3
16 6 10 1 2 4 5 0 6 3 7
13 9 4 1 2 4 0 5 6 3 7
14 10 4 1 2 4 7 5 6 3 0
14 10 4 1 2 0 4 5 6 3 7
13 11 2 1 2 3 4 5 6 0 7
12 12 0 1 2 3 4 5 6 7 0