0 0 0 0 1 2 5 7 6 4 3
0 0 10 5 1 2 0 7 6 4 3
0 0 8 5 1 2 3 7 6 4 0
0 0 8 5 1 2 4 7 6 0 3
0 0 6 5 1 2 4 7 6 3 0
0 0 8 5 1 2 3 7 6 0 4
0 0 8 5 1 2 0 7 6 3 4
0 0 6 5 1 2 4 7 6 3 0
0 0 8 5 1 2 4 7 6 0 3
0 0 6 5 1 2 4 7 6 3 0
0 0 8 5 1 2 4 0 6 3 7
0 0 6 5 1 2 4 7 6 3 0
0 0 8 5 1 2 3 7 6 4 0
0 0 8 5 1 2 3 7 6 0 4
0 0 8 5 1 2 0 7 6 3 4
0 0 6 5 1 2 4 7 6 3 0
0 0 8 5 1 2 4 7 6 0 3
0 0 6 5 1 2 4 7 6 3 0
0 0 8 0 1 2 4 5 6 3 7
0 0 6 1 0 2 4 5 6 3 7
0 0 4 1 2 0 4 5 6 3 7
0 0 2 1 2 3 4 5 6 0 7
0 0 0 1 2 3 4 5 6 7 0