0 0 0 4 5 0 2 7 6 3 1
15 1 14 4 5 3 2 7 6 0 1
14 2 12 4 5 3 2 7 6 1 0
15 1 14 4 5 2 0 7 6 3 1
14 2 12 4 5 2 1 7 6 3 0
17 3 14 4 5 3 0 7 6 1 2
16 4 12 4 5 3 2 7 6 1 0
17 3 14 4 5 3 2 7 6 0 1
16 4 12 4 5 3 2 7 6 1 0
17 3 14 0 5 2 4 7 6 3 1
12 6 6 1 5 2 4 7 6 3 0
15 7 8 1 5 2 0 7 6 3 4
14 8 6 1 5 2 4 7 6 3 0
15 7 8 1 5 2 4 7 6 0 3
14 8 6 1 5 2 4 7 6 3 0
16 4 12 5 0 2 4 7 6 3 1
15 5 10 5 2 0 4 7 6 3 1
14 6 8 5 2 3 4 7 6 0 1
13 7 6 5 2 3 4 7 6 1 0
16 8 8 1 5 2 4 0 6 3 7
16 6 10 5 2 4 0 7 6 3 1
15 7 8 5 2 4 1 7 6 3 0
16 8 8 5 2 3 0 7 6 1 4
15 9 6 5 2 3 4 7 6 1 0
16 8 8 5 2 3 4 7 6 0 1
15 9 6 5 2 3 4 7 6 1 0
16 10 6 1 5 2 4 7 6 3 0
17 3 14 4 5 2 0 7 6 3 1
16 4 12 4 5 2 1 7 6 3 0
17 3 14 4 5 2 1 7 6 0 3
16 4 12 4 5 2 1 7 6 3 0
17 9 8 1 5 2 0 7 6 3 4
16 10 6 1 5 2 4 7 6 3 0
17 9 8 1 5 2 4 7 6 0 3
16 10 6 1 5 2 4 7 6 3 0
17 5 12 5 6 2 4 7 0 3 1
17 7 10 5 2 0 4 7 6 3 1
17 7 10 5 2 3 4 7 0 6 1
17 9 8 5 2 3 4 0 6 1 7
17 9 8 1 5 2 4 6 0 3 7
17 11 6 1 0 2 4 5 6 3 7
16 12 4 1 2 0 4 5 6 3 7
15 13 2 1 2 3 4 5 6 0 7
14 14 0 1 2 3 4 5 6 7 0