0 0 0 4 1 0 7 6 3 2 5
13 1 12 4 1 2 7 6 3 0 5
12 2 10 4 1 2 7 6 3 5 0
13 1 12 4 1 7 0 6 3 2 5
12 2 10 4 1 7 5 6 3 2 0
14 2 12 4 1 0 7 6 3 2 5
15 1 14 4 0 1 7 6 3 2 5
14 2 12 4 3 1 7 6 0 2 5
13 3 10 4 3 1 7 6 2 0 5
12 4 8 4 3 1 7 6 2 5 0
14 2 12 4 1 0 7 6 3 2 5
15 3 12 4 1 2 0 6 3 5 7
14 4 10 4 1 2 7 6 3 5 0
15 3 12 4 1 2 7 6 3 0 5
14 4 10 4 1 2 7 6 3 5 0
15 3 12 4 1 7 0 6 3 2 5
14 4 10 4 1 7 5 6 3 2 0
15 3 12 4 1 7 5 6 3 0 2
14 4 10 4 1 7 5 6 3 2 0
15 3 12 4 3 1 7 0 6 2 5
15 5 10 4 3 1 0 6 2 5 7
14 6 8 4 3 1 7 6 2 5 0
15 5 10 4 3 1 7 6 2 0 5
14 6 8 4 3 1 7 6 2 5 0
15 5 10 4 3 1 7 5 6 2 0
16 2 14 4 1 2 7 6 0 3 5
16 4 12 4 1 2 7 0 3 5 6
16 4 12 4 1 7 5 0 3 2 6
16 2 14 0 4 1 7 6 3 2 5
15 5 10 5 4 1 7 6 3 2 0
16 4 12 4 3 0 7 6 2 1 5
16 4 12 4 3 1 7 6 0 2 5
16 6 10 4 3 1 7 0 2 5 6
15 7 8 4 3 1 7 2 0 5 6
16 4 12 4 1 0 7 6 3 2 5
16 4 12 0 3 1 7 4 6 2 5
15 7 8 5 3 1 7 4 6 2 0
16 6 10 4 3 1 0 5 6 2 7
16 6 10 4 1 2 7 6 3 5 0
16 6 10 4 1 7 5 6 3 2 0
16 8 8 4 3 1 7 6 2 5 0
16 8 8 4 3 1 7 2 5 0 6
15 9 6 4 3 1 7 2 5 6 0
17 5 12 4 1 0 7 6 3 5 2
16 6 10 4 1 5 7 6 3 0 2
15 7 8 4 1 5 7 6 3 2 0
17 3 14 0 1 7 4 6 3 2 5
14 6 8 5 1 7 4 6 3 2 0
16 4 12 1 0 7 4 6 3 2 5
15 5 10 1 3 7 4 6 0 2 5
14 6 8 1 3 7 4 6 2 0 5
13 7 6 1 3 7 4 6 2 5 0
15 7 8 1 3 0 4 6 2 7 5
16 6 10 1 3 7 4 0 6 2 5
12 8 4 1 3 7 4 5 6 2 0
15 9 6 1 3 7 0 5 6 2 4
14 10 4 1 3 7 4 5 6 2 0
15 9 6 1 3 7 4 5 6 0 2
14 10 4 1 3 7 4 5 6 2 0
16 8 8 1 3 7 0 6 2 5 4
15 9 6 1 3 7 4 6 2 5 0
16 8 8 1 3 7 4 6 2 0 5
15 9 6 1 3 7 4 6 2 5 0
16 8 8 1 0 3 4 6 2 7 5
15 9 6 1 2 3 4 6 0 7 5
16 8 8 1 3 4 0 6 2 7 5
16 10 6 1 3 0 4 5 6 7 2
16 10 6 1 2 3 4 0 6 7 5
12 12 0 1 2 3 4 5 6 7 0