0 0 0 4 1 0 7 6 3 2 5
8 1 7 4 1 2 7 6 3 0 5
8 1 7 4 0 1 7 6 3 2 5
8 2 6 4 1 2 7 6 3 5 0
8 2 6 4 3 1 7 6 0 2 5
9 1 8 4 1 7 0 6 3 2 5
9 2 7 4 1 0 7 6 3 2 5
9 2 7 4 1 2 7 6 0 3 5
9 2 7 0 4 1 7 6 3 2 5
9 3 6 4 3 1 7 0 6 2 5
9 3 6 4 3 1 7 6 2 0 5
9 2 7 4 1 7 5 6 3 2 0
9 4 5 4 3 1 7 6 2 5 0
10 3 7 4 1 2 7 6 3 0 5
10 3 7 4 0 1 7 6 3 2 5
10 3 7 0 1 7 4 6 3 2 5
10 3 7 4 0 2 7 6 1 3 5
10 3 7 4 1 2 7 0 6 3 5
10 3 7 6 4 1 7 0 3 2 5
10 4 6 0 3 1 7 4 6 2 5
10 4 6 4 3 1 7 6 0 2 5
10 5 5 4 3 1 7 5 6 2 0
10 4 6 4 3 0 7 6 2 1 5
10 4 6 4 1 2 7 6 3 5 0
10 4 6 1 0 7 4 6 3 2 5
10 5 5 4 1 2 7 5 6 3 0
11 3 8 4 1 2 0 6 3 5 7
10 4 6 4 1 2 7 6 3 5 0
11 4 7 4 1 2 7 0 3 5 6
11 3 8 4 1 7 0 6 3 2 5
11 5 6 5 4 1 7 6 3 2 0
11 3 8 4 1 7 5 6 3 0 2
11 5 6 4 3 1 7 6 2 0 5
11 4 7 4 1 0 7 6 3 2 5
11 4 7 4 1 2 7 6 0 3 5
11 4 7 0 4 1 7 6 3 2 5
11 4 7 6 1 7 4 0 3 2 5
11 4 7 0 4 2 7 6 1 3 5
11 4 7 4 2 0 7 6 1 3 5
11 4 7 0 1 2 7 4 6 3 5
11 4 7 6 4 1 7 3 0 2 5
11 5 6 6 4 1 7 5 3 2 0
11 5 6 4 3 1 7 0 6 2 5
11 5 6 1 3 7 4 6 0 2 5
11 5 6 1 7 0 4 6 3 2 5
11 4 7 4 1 7 5 6 3 2 0
11 4 7 4 1 0 5 6 3 7 2
11 6 5 4 3 1 7 6 2 5 0
11 6 5 6 1 7 4 5 3 2 0
11 5 6 4 2 3 7 6 1 0 5
11 5 6 1 0 2 7 4 6 3 5
11 5 6 6 0 1 7 3 4 2 5
11 6 5 1 3 7 4 0 6 2 5
11 6 5 4 2 3 7 6 1 5 0
11 6 5 1 2 0 7 4 6 3 5
11 8 3 1 3 7 4 5 6 2 0
11 7 4 1 2 3 7 4 6 0 5
11 8 3 1 2 3 7 4 6 5 0
12 5 7 4 1 0 7 6 3 5 2
12 5 7 0 1 2 7 6 3 5 4
12 4 8 4 1 7 6 0 3 2 5
12 4 8 4 1 7 2 6 3 0 5
12 4 8 7 4 1 0 6 3 2 5
12 5 7 3 4 1 7 6 0 2 5
12 4 8 4 1 7 5 0 3 2 6
12 5 7 4 3 1 0 6 2 5 7
11 6 5 4 3 1 7 6 2 5 0
12 6 6 4 3 1 7 0 2 5 6
12 6 6 5 1 7 4 6 3 2 0
12 5 7 3 0 1 7 4 6 2 5
12 7 5 5 3 1 7 4 6 2 0
12 5 7 4 0 1 7 6 3 2 5
12 6 6 4 3 1 0 5 6 2 7
12 6 6 4 3 1 7 5 6 0 2
12 5 7 4 0 3 7 6 2 1 5
12 5 7 4 3 7 0 6 2 1 5
12 5 7 4 1 2 7 6 3 0 5
12 5 7 0 1 7 4 6 3 2 5
12 6 6 4 1 2 0 5 6 3 7
12 6 6 4 1 2 7 5 6 0 3
12 4 8 4 1 0 2 6 3 5 7
12 5 7 0 1 2 4 6 3 5 7
12 5 7 0 1 2 7 4 3 5 6
12 5 7 4 1 2 7 3 0 5 6
12 6 6 4 1 2 7 6 3 5 0
12 4 8 4 1 7 5 6 0 3 2
12 6 6 4 3 0 7 6 2 1 5
12 6 6 4 3 1 7 6 0 2 5
12 5 7 4 0 2 7 6 1 3 5
12 5 7 6 4 1 7 0 3 2 5
12 5 7 6 1 7 4 3 0 2 5
12 5 7 6 4 2 7 0 1 3 5
12 5 7 4 2 7 0 6 1 3 5
12 5 7 6 4 1 7 3 2 0 5
12 6 6 0 3 1 7 4 6 2 5
12 7 5 4 3 1 7 5 6 2 0
12 6 6 1 0 7 4 6 3 2 5
12 6 6 1 3 7 4 6 2 0 5
12 6 6 1 7 2 4 6 3 0 5
12 5 7 4 0 1 5 6 3 7 2
12 5 7 4 1 5 0 6 3 7 2
12 6 6 4 2 3 7 6 0 1 5
12 6 6 1 6 2 7 4 0 3 5
12 6 6 0 6 1 7 3 4 2 5
12 6 6 6 1 0 7 3 4 2 5
12 7 5 1 2 7 0 4 6 3 5
12 6 6 4 1 5 7 6 3 0 2
12 6 6 1 0 2 7 6 3 5 4
12 6 6 4 1 7 6 5 3 2 0
12 5 7 4 1 0 2 6 3 7 5
12 5 7 4 1 7 2 6 3 5 0
12 5 7 7 4 1 5 6 3 2 0
12 6 6 3 0 1 7 6 4 2 5
12 7 5 4 3 1 7 2 0 5 6
12 7 5 4 3 1 7 5 0 6 2
12 6 6 4 3 7 5 6 2 1 0
12 7 5 4 1 2 7 5 6 3 0
12 5 7 4 1 5 2 6 3 0 7
12 6 6 1 0 2 4 6 3 5 7
12 6 6 1 0 2 7 4 3 5 6
12 5 7 4 1 7 5 0 6 3 2
12 6 6 4 2 7 5 6 1 3 0
12 6 6 6 4 1 7 3 2 5 0
12 7 5 1 3 0 4 6 2 7 5
12 7 5 1 3 7 4 6 2 5 0
12 7 5 1 7 2 4 6 3 5 0
12 6 6 4 1 5 2 6 3 7 0
12 7 5 4 2 3 7 0 6 1 5
12 7 5 1 6 2 7 0 4 3 5
12 8 4 1 2 7 5 4 6 3 0
12 7 5 4 1 5 7 6 3 2 0
12 7 5 1 3 2 7 6 0 5 4
12 7 5 0 3 1 7 6 4 2 5
12 7 5 1 2 0 4 6 3 5 7
12 7 5 1 3 2 7 4 0 5 6
12 8 4 1 0 3 4 6 2 7 5
12 9 3 4 2 3 7 5 6 1 0
12 8 4 1 3 2 7 0 4 5 6
12 9 3 1 2 3 4 6 0 7 5
12 10 2 1 2 3 4 0 6 7 5
12 12 0 1 2 3 4 5 6 7 0