0 0 0 0 6 4 1 2 5 3 7
8 1 7 6 0 4 1 2 5 3 7
8 2 6 1 6 4 0 2 5 3 7
7 3 4 1 6 4 7 2 5 3 0
9 1 8 2 6 4 1 0 5 3 7
9 3 6 7 6 4 1 2 5 3 0
9 2 7 6 5 4 1 2 0 3 7
9 2 7 0 6 4 1 2 5 3 7
9 2 7 6 4 0 1 2 5 3 7
9 3 6 1 6 0 4 2 5 3 7
9 4 5 1 6 4 7 2 5 0 3
9 2 7 2 6 4 1 5 0 3 7
9 4 5 1 6 3 4 2 5 0 7
8 5 3 1 6 3 4 2 5 7 0
9 5 4 1 6 4 7 2 5 3 0
9 3 6 2 0 4 1 5 6 3 7
9 4 5 0 2 4 1 5 6 3 7
10 3 7 5 6 4 1 2 0 3 7
10 4 6 1 6 4 0 2 5 3 7
9 5 4 1 6 4 7 2 5 3 0
10 3 7 2 6 4 1 7 5 3 0
10 3 7 6 0 4 1 2 5 3 7
10 3 7 6 5 4 1 2 3 0 7
10 3 7 6 4 3 1 2 5 0 7
9 4 5 6 4 3 1 2 5 7 0
10 3 7 6 4 1 0 2 5 3 7
9 4 5 6 4 1 7 2 5 3 0
10 4 6 1 0 6 4 2 5 3 7
10 5 5 1 6 0 7 2 5 4 3
10 5 5 1 6 4 7 2 0 5 3
10 3 7 2 6 4 1 5 3 0 7
9 4 5 2 6 4 1 5 3 7 0
10 5 5 1 6 3 4 2 0 5 7
10 4 6 2 4 0 1 5 6 3 7
10 6 4 1 2 4 0 5 6 3 7
10 4 6 6 5 4 1 2 3 7 0
10 6 4 1 0 3 4 2 6 5 7
10 5 5 2 4 3 1 5 6 0 7
9 6 3 2 4 3 1 5 6 7 0
10 7 3 1 2 4 7 5 6 3 0
10 7 3 1 2 0 4 5 6 3 7
10 8 2 1 2 3 4 5 6 0 7
9 9 0 1 2 3 4 5 6 7 0