0 0 0 0 6 4 1 2 5 3 7
10 2 8 1 6 4 0 2 5 3 7
11 3 8 1 6 4 7 2 5 3 0
11 3 8 1 6 0 4 2 5 3 7
10 4 6 1 6 3 4 2 5 0 7
9 5 4 1 6 3 4 2 5 7 0
12 4 8 1 6 4 0 2 5 3 7
12 6 6 1 6 3 0 2 5 7 4
11 7 4 1 6 3 4 2 5 7 0
12 6 6 1 6 3 4 2 5 0 7
11 7 4 1 6 3 4 2 5 7 0
13 1 12 2 6 4 1 0 5 3 7
12 2 10 2 6 4 1 5 0 3 7
12 4 8 2 6 4 0 1 5 3 7
13 5 8 1 6 4 3 2 5 0 7
12 6 6 1 6 4 3 2 5 7 0
13 5 8 1 6 0 4 2 5 3 7
13 5 8 1 6 3 4 2 0 5 7
13 5 8 1 6 4 7 2 5 3 0
13 3 10 2 6 4 1 7 5 3 0
13 3 10 2 0 4 1 5 6 3 7
13 3 10 2 6 4 1 5 3 0 7
12 4 8 2 6 4 1 5 3 7 0
13 5 8 2 6 4 7 1 5 3 0
13 5 8 2 6 0 4 1 5 3 7
12 6 6 2 6 3 4 1 5 0 7
11 7 4 2 6 3 4 1 5 7 0
14 4 10 1 6 4 7 2 5 0 3
13 5 8 1 6 4 7 2 5 3 0
14 4 10 1 0 6 4 2 5 3 7
13 5 8 1 6 0 4 2 5 3 7
14 8 6 1 6 3 0 2 5 7 4
13 9 4 1 6 3 4 2 5 7 0
14 8 6 1 6 3 4 2 5 0 7
13 9 4 1 6 3 4 2 5 7 0
14 6 8 1 6 4 0 2 5 3 7
14 6 8 1 0 3 4 2 6 5 7
14 6 8 1 6 3 4 0 2 5 7
14 4 10 2 6 4 1 5 0 3 7
14 4 10 0 2 4 1 5 6 3 7
10 6 4 1 2 4 0 5 6 3 7
11 7 4 1 2 4 7 5 6 3 0
11 7 4 1 2 0 4 5 6 3 7
10 8 2 1 2 3 4 5 6 0 7
9 9 0 1 2 3 4 5 6 7 0