0 0 0 6 1 0 4 3 2 7 5
13 1 12 6 1 7 4 3 2 0 5
12 2 10 6 1 7 4 3 2 5 0
13 1 12 6 1 4 0 3 2 7 5
14 2 12 6 1 0 4 3 2 7 5
14 2 12 6 1 4 5 3 2 7 0
15 1 14 6 0 1 4 3 2 7 5
14 2 12 6 2 1 4 3 0 7 5
14 2 12 6 1 0 4 3 2 7 5
15 3 12 6 1 7 0 3 2 5 4
14 4 10 6 1 7 4 3 2 5 0
15 3 12 6 1 7 4 3 2 0 5
14 4 10 6 1 7 4 3 2 5 0
15 3 12 6 1 4 0 3 2 7 5
15 3 12 6 1 4 5 3 2 0 7
15 3 12 6 2 1 4 0 3 7 5
11 5 6 6 2 1 4 5 3 7 0
14 6 8 6 2 1 0 5 3 7 4
13 7 6 6 2 1 4 5 3 7 0
14 6 8 6 2 1 4 5 3 0 7
13 7 6 6 2 1 4 5 3 7 0
15 3 12 6 2 1 4 3 7 0 5
14 4 10 6 2 1 4 3 7 5 0
15 7 8 6 2 1 4 5 0 3 7
16 2 14 6 1 7 4 3 0 2 5
16 4 12 6 1 7 4 0 2 5 3
16 4 12 6 1 4 3 0 2 7 5
12 6 6 6 1 4 3 5 2 7 0
15 7 8 6 1 4 0 5 2 7 3
14 8 6 6 1 4 3 5 2 7 0
15 7 8 6 1 4 3 5 2 0 7
14 8 6 6 1 4 3 5 2 7 0
16 4 12 6 1 4 7 3 2 0 5
15 5 10 6 1 4 7 3 2 5 0
16 2 14 0 6 1 4 3 2 7 5
13 5 8 5 6 1 4 3 2 7 0
15 3 12 3 6 1 4 0 2 7 5
11 5 6 3 6 1 4 5 2 7 0
14 6 8 3 6 1 0 5 2 7 4
13 7 6 3 6 1 4 5 2 7 0
14 6 8 3 6 1 4 5 2 0 7
13 7 6 3 6 1 4 5 2 7 0
16 4 12 6 1 0 7 3 2 5 4
15 5 10 6 1 5 7 3 2 0 4
14 6 8 6 1 5 7 3 2 4 0
16 4 12 6 1 0 4 3 2 7 5
16 4 12 6 1 4 5 3 2 7 0
16 4 12 6 1 0 5 3 2 4 7
16 4 12 0 2 1 4 6 3 7 5
13 7 6 5 2 1 4 6 3 7 0
16 4 12 6 2 1 4 3 0 7 5
16 8 8 6 2 1 0 5 3 7 4
15 9 6 6 2 1 4 5 3 7 0
16 8 8 6 2 1 4 5 3 0 7
15 9 6 6 2 1 4 5 3 7 0
16 6 10 6 1 7 4 3 2 5 0
16 8 8 6 1 0 4 5 2 7 3
16 6 10 5 6 1 0 3 2 7 4
15 7 8 5 6 1 4 3 2 7 0
16 6 10 5 6 1 4 3 2 0 7
15 7 8 5 6 1 4 3 2 7 0
16 4 12 3 6 1 4 2 0 7 5
16 8 8 3 6 1 0 5 2 7 4
15 9 6 3 6 1 4 5 2 7 0
16 8 8 3 6 1 4 5 2 0 7
15 9 6 3 6 1 4 5 2 7 0
16 8 8 5 2 1 0 6 3 7 4
15 9 6 5 2 1 4 6 3 7 0
16 8 8 5 2 1 4 6 3 0 7
15 9 6 5 2 1 4 6 3 7 0
17 5 12 6 1 0 4 3 2 5 7
17 3 14 6 0 1 4 3 2 7 5
16 4 12 6 2 1 4 3 0 7 5
16 4 12 6 1 0 4 3 2 7 5
17 5 12 6 1 7 0 3 2 5 4
16 6 10 6 1 7 4 3 2 5 0
17 5 12 6 1 7 4 3 2 0 5
16 6 10 6 1 7 4 3 2 5 0
17 7 10 6 2 0 1 5 3 7 4
17 7 10 6 2 0 4 5 3 1 7
17 5 12 6 2 1 0 3 7 5 4
16 6 10 6 2 1 4 3 7 5 0
17 5 12 6 2 1 4 3 7 0 5
16 6 10 6 2 1 4 3 7 5 0
17 3 14 6 1 7 4 0 3 2 5
13 5 8 6 1 7 4 5 3 2 0
16 6 10 6 1 7 0 5 3 2 4
15 7 8 6 1 7 4 5 3 2 0
16 6 10 6 1 7 4 5 3 0 2
15 7 8 6 1 7 4 5 3 2 0
17 5 12 0 1 7 4 6 2 5 3
16 6 10 1 0 7 4 6 2 5 3
15 7 8 1 2 7 4 6 0 5 3
14 8 6 1 2 7 4 6 5 0 3
13 9 4 1 2 7 4 6 5 3 0
15 9 6 1 2 0 4 6 5 7 3
16 8 8 3 1 7 4 6 2 5 0
16 8 8 1 2 7 4 0 6 5 3
16 10 6 1 2 7 0 6 5 3 4
15 11 4 1 2 7 4 6 5 3 0
16 10 6 1 2 7 4 6 5 0 3
15 11 4 1 2 7 4 6 5 3 0
16 10 6 1 2 4 0 6 5 7 3
15 11 4 1 2 4 3 6 5 7 0
16 10 6 1 2 7 4 3 6 5 0
17 5 12 6 1 7 4 2 0 5 3
16 6 10 6 1 7 4 2 5 0 3
15 7 8 6 1 7 4 2 5 3 0
17 5 12 0 1 4 3 6 2 7 5
14 8 6 5 1 4 3 6 2 7 0
16 6 10 1 0 4 3 6 2 7 5
15 7 8 1 2 4 3 6 0 7 5
16 8 8 1 2 4 3 0 6 7 5
12 10 2 1 2 4 3 5 6 7 0
15 11 4 1 2 4 0 5 6 7 3
14 12 2 1 2 4 3 5 6 7 0
15 11 4 1 2 4 3 5 6 0 7
14 12 2 1 2 4 3 5 6 7 0
16 8 8 1 2 4 3 6 7 0 5
15 9 6 1 2 4 3 6 7 5 0
16 12 4 1 2 0 4 5 6 7 3
17 5 12 6 1 4 3 2 0 7 5
17 9 8 6 1 0 3 5 2 7 4
16 10 6 6 1 3 0 5 2 7 4
15 11 4 6 1 3 4 5 2 7 0
17 9 8 6 1 4 0 5 2 7 3
16 10 6 6 1 4 3 5 2 7 0
17 9 8 6 1 4 3 5 2 0 7
16 10 6 6 1 4 3 5 2 7 0
17 5 12 6 1 0 7 3 2 4 5
17 5 12 2 6 1 4 3 0 7 5
17 7 10 5 6 1 4 0 2 7 3
17 7 10 3 6 0 1 5 2 7 4
17 7 10 3 6 0 4 5 2 1 7
17 7 10 3 6 1 4 5 0 2 7
17 7 10 6 1 5 0 3 2 4 7
16 8 8 6 1 5 7 3 2 4 0
17 7 10 6 1 5 7 3 2 0 4
16 8 8 6 1 5 7 3 2 4 0
17 5 12 6 1 4 5 3 2 0 7
17 5 12 2 0 1 4 6 3 7 5
16 6 10 2 3 1 4 6 0 7 5
16 6 10 2 1 0 4 6 3 7 5
17 7 10 3 2 1 4 6 0 7 5
17 9 8 6 2 1 4 5 0 3 7
17 9 8 6 1 7 4 5 2 0 3
16 10 6 6 1 7 4 5 2 3 0
17 5 12 3 0 1 4 2 6 7 5
16 6 10 3 1 0 4 2 6 7 5
17 5 12 3 6 1 4 2 7 0 5
16 6 10 3 6 1 4 2 7 5 0
17 9 8 5 2 1 4 6 0 3 7
17 7 10 6 1 0 4 5 3 7 2
17 7 10 6 1 7 4 5 0 3 2
17 7 10 1 7 0 4 6 2 5 3
17 9 8 1 2 7 4 6 0 5 3
17 11 6 1 2 0 4 6 5 7 3
17 7 10 6 1 0 4 2 5 7 3
17 7 10 3 1 4 0 6 2 7 5
17 9 8 5 1 4 0 6 2 7 3
16 10 6 5 1 4 3 6 2 7 0
17 9 8 5 1 4 3 6 2 0 7
16 10 6 5 1 4 3 6 2 7 0
17 7 10 1 4 0 3 6 2 7 5
16 8 8 1 4 3 0 6 2 7 5
17 9 8 1 2 4 3 6 0 7 5
17 13 4 1 2 0 3 5 6 7 4
16 14 2 1 2 3 0 5 6 7 4
15 15 0 1 2 3 4 5 6 7 0