0 0 0 3 0 4 5 1 6 7 2
13 1 12 3 4 0 5 1 6 7 2
12 2 10 3 4 7 5 1 6 0 2
11 3 8 3 4 7 5 1 6 2 0
12 2 10 3 4 5 0 1 6 7 2
13 3 10 3 4 7 5 1 0 6 2
13 3 10 3 4 5 2 1 6 7 0
13 5 8 3 4 5 7 1 6 0 2
12 6 6 3 4 5 7 1 6 2 0
14 4 10 3 4 7 0 1 6 2 5
13 5 8 3 4 7 5 1 6 2 0
14 4 10 3 4 7 5 1 6 0 2
13 5 8 3 4 7 5 1 6 2 0
14 4 10 3 0 7 5 1 4 6 2
14 4 10 3 4 5 0 1 6 7 2
14 4 10 3 4 5 2 1 6 0 7
14 6 8 3 4 5 7 1 0 6 2
15 1 14 3 6 4 5 1 0 7 2
15 1 14 0 3 4 5 1 6 7 2
11 3 8 5 3 4 0 1 6 7 2
10 4 6 5 3 4 2 1 6 7 0
12 4 8 2 3 4 5 1 6 7 0
12 4 8 5 3 0 4 1 6 7 2
13 5 8 5 3 4 0 1 6 7 2
12 6 6 5 3 4 2 1 6 7 0
13 5 8 5 3 4 2 1 6 0 7
12 6 6 5 3 4 2 1 6 7 0
13 5 8 2 3 4 0 1 6 7 5
13 5 8 2 3 4 5 1 6 0 7
13 5 8 5 3 7 4 1 6 0 2
12 6 6 5 3 7 4 1 6 2 0
13 5 8 5 0 3 4 1 6 7 2
14 2 12 1 3 4 5 0 6 7 2
10 4 6 1 3 4 5 2 6 7 0
11 5 6 1 3 4 0 5 6 7 2
10 6 4 1 3 4 2 5 6 7 0
11 5 6 1 3 4 5 2 6 0 7
12 6 6 1 3 0 4 5 6 7 2
12 6 6 1 3 0 5 2 6 4 7
11 7 4 1 3 5 0 2 6 4 7
10 8 2 1 3 5 7 2 6 4 0
12 6 6 1 3 4 5 2 0 6 7
12 6 6 1 3 4 5 2 6 7 0
13 5 8 1 3 4 0 2 6 7 5
12 6 6 1 3 4 5 2 6 7 0
13 7 6 1 3 4 0 5 6 7 2
12 8 4 1 3 4 2 5 6 7 0
13 7 6 1 3 4 2 5 6 0 7
12 8 4 1 3 4 2 5 6 7 0
13 7 6 1 3 7 4 5 6 0 2
12 8 4 1 3 7 4 5 6 2 0
13 7 6 1 0 3 4 5 6 7 2
13 7 6 1 3 4 5 2 6 0 7
13 9 4 1 3 5 0 2 6 4 7
12 10 2 1 3 5 7 2 6 4 0
13 9 4 1 3 5 7 2 6 0 4
12 10 2 1 3 5 7 2 6 4 0
14 6 8 5 3 0 4 1 6 7 2
14 6 8 2 3 4 5 1 6 7 0
14 6 8 2 3 0 4 1 6 7 5
14 6 8 2 3 0 5 1 6 4 7
13 7 6 2 3 5 0 1 6 4 7
12 8 4 2 3 5 7 1 6 4 0
14 6 8 2 3 4 5 1 0 6 7
14 6 8 5 6 3 4 1 0 7 2
14 8 6 1 3 0 5 2 6 4 7
14 6 8 1 3 0 4 2 6 7 5
14 8 6 1 3 4 7 2 6 0 5
13 9 4 1 3 4 7 2 6 5 0
14 8 6 1 3 0 4 5 6 7 2
14 8 6 1 6 3 4 5 0 7 2
14 8 6 1 3 4 5 2 0 6 7
14 8 6 1 3 4 5 2 6 7 0
14 10 4 1 3 5 7 2 0 6 4
15 3 12 3 4 0 5 1 6 7 2
14 4 10 3 4 5 0 1 6 7 2
15 7 8 3 4 5 0 1 6 2 7
14 8 6 3 4 5 7 1 6 2 0
15 7 8 3 4 5 7 1 6 0 2
14 8 6 3 4 5 7 1 6 2 0
15 5 10 3 4 7 5 1 0 6 2
15 5 10 0 3 7 5 1 4 6 2
12 8 4 2 3 7 5 1 4 6 0
14 6 8 1 3 7 5 0 4 6 2
10 8 2 1 3 7 5 2 4 6 0
13 9 4 1 3 7 0 2 4 6 5
12 10 2 1 3 7 5 2 4 6 0
13 9 4 1 3 7 5 2 4 0 6
12 10 2 1 3 7 5 2 4 6 0
14 10 4 1 3 0 7 2 4 6 5
15 5 10 3 7 0 5 1 4 6 2
14 6 8 3 7 5 0 1 4 6 2
15 5 10 3 4 5 2 1 6 7 0
15 5 10 3 4 5 2 1 0 6 7
15 7 8 3 0 5 7 1 4 6 2
15 7 8 5 3 0 2 1 6 7 4
14 8 6 5 3 2 0 1 6 7 4
13 9 4 5 3 2 4 1 6 7 0
15 7 8 5 3 4 0 1 6 7 2
14 8 6 5 3 4 2 1 6 7 0
15 7 8 5 3 4 2 1 6 0 7
14 8 6 5 3 4 2 1 6 7 0
15 7 8 5 3 7 0 1 6 2 4
14 8 6 5 3 7 4 1 6 2 0
15 7 8 5 3 7 4 1 6 0 2
14 8 6 5 3 7 4 1 6 2 0
15 3 12 1 3 4 5 6 0 7 2
15 7 8 1 3 0 5 2 6 7 4
14 8 6 1 3 7 5 2 6 0 4
13 9 4 1 3 7 5 2 6 4 0
14 8 6 1 3 5 0 2 6 7 4
15 9 6 1 3 0 2 5 6 7 4
14 10 4 1 3 2 0 5 6 7 4
13 11 2 1 3 2 4 5 6 7 0
15 7 8 1 0 3 5 2 6 4 7
15 7 8 1 0 4 5 2 3 6 7
14 8 6 1 3 4 5 2 0 6 7
14 8 6 1 4 0 5 2 3 6 7
13 9 4 1 4 5 0 2 3 6 7
12 10 2 1 4 5 7 2 3 6 0
15 7 8 1 3 4 5 0 2 6 7
14 8 6 1 3 4 5 2 0 6 7
15 7 8 1 3 4 0 2 6 7 5
14 8 6 1 3 4 5 2 6 7 0
15 9 6 1 3 4 0 5 6 7 2
14 10 4 1 3 4 2 5 6 7 0
15 9 6 1 3 4 2 5 6 0 7
14 10 4 1 3 4 2 5 6 7 0
15 9 6 1 3 7 0 5 6 2 4
14 10 4 1 3 7 4 5 6 2 0
15 9 6 1 3 7 4 5 6 0 2
14 10 4 1 3 7 4 5 6 2 0
15 11 4 1 3 5 0 2 6 4 7
14 12 2 1 3 5 7 2 6 4 0
15 11 4 1 3 5 7 2 6 0 4
14 12 2 1 3 5 7 2 6 4 0
15 7 8 5 0 3 4 1 6 7 2
15 7 8 2 3 4 0 1 6 7 5
15 7 8 2 3 4 5 1 6 0 7
15 7 8 2 3 7 4 1 6 0 5
14 8 6 2 3 7 4 1 6 5 0
15 7 8 2 0 3 4 1 6 7 5
15 9 6 2 3 5 0 1 6 4 7
14 10 4 2 3 5 7 1 6 4 0
15 9 6 2 3 5 7 1 6 0 4
14 10 4 2 3 5 7 1 6 4 0
15 7 8 5 6 3 4 1 7 0 2
14 8 6 5 6 3 4 1 7 2 0
15 9 6 1 3 4 5 2 6 0 7
15 7 8 1 3 7 4 2 6 0 5
14 8 6 1 3 7 4 2 6 5 0
15 7 8 1 0 3 4 2 6 7 5
15 9 6 1 3 4 7 2 0 6 5
15 9 6 1 0 3 4 5 6 7 2
15 9 6 1 6 3 4 5 7 0 2
14 10 4 1 6 3 4 5 7 2 0
15 7 8 5 3 7 0 1 4 6 2
15 9 6 2 3 7 0 1 4 6 5
14 10 4 2 3 7 5 1 4 6 0
15 9 6 2 3 7 5 1 4 0 6
14 10 4 2 3 7 5 1 4 6 0
15 7 8 1 3 7 5 4 0 6 2
15 11 4 1 3 0 5 2 4 6 7
14 12 2 1 3 5 0 2 4 6 7
13 13 0 1 3 5 7 2 4 6 0