0 0 0 0 7 3 5 1 2 4 6
7 1 6 1 7 3 5 0 2 4 6
8 1 7 7 0 3 5 1 2 4 6
8 2 6 1 7 3 5 2 0 4 6
8 3 5 1 7 3 5 6 2 4 0
8 2 6 7 2 3 5 1 0 4 6
8 3 5 1 7 3 5 2 4 0 6
7 4 3 1 7 3 5 2 4 6 0
9 2 7 5 7 3 0 1 2 4 6
9 3 6 6 7 3 5 1 2 4 0
9 2 7 0 7 3 5 1 2 4 6
9 4 5 1 7 3 0 5 2 4 6
9 2 7 7 3 0 5 1 2 4 6
9 3 6 1 0 3 5 2 7 4 6
9 3 6 1 7 3 5 0 2 4 6
9 3 6 7 2 3 5 0 1 4 6
9 3 6 7 2 3 5 1 4 0 6
9 4 5 1 7 0 5 2 4 3 6
9 5 4 1 7 3 0 2 4 6 5
9 3 6 5 7 3 6 1 2 4 0
9 5 4 1 7 3 6 5 2 4 0
9 3 6 7 3 5 0 1 2 4 6
9 4 5 1 3 0 5 2 7 4 6
9 4 5 7 2 3 5 1 4 6 0
9 5 4 1 7 5 0 2 4 3 6
9 6 3 1 7 3 5 2 4 6 0
9 4 5 7 3 5 6 1 2 4 0
9 5 4 1 3 5 0 2 7 4 6
9 6 3 1 7 5 6 2 4 3 0
9 6 3 1 3 5 6 2 7 4 0
10 3 7 2 7 3 5 1 0 4 6
10 4 6 1 0 3 5 7 2 4 6
10 4 6 1 7 3 0 6 2 4 5
10 4 6 1 7 3 5 6 2 0 4
10 3 7 7 0 3 5 1 2 4 6
10 4 6 1 7 3 5 2 0 4 6
10 5 5 1 7 3 5 2 4 0 6
9 6 3 1 7 3 5 2 4 6 0
10 3 7 7 3 4 5 1 2 0 6
9 4 5 7 3 4 5 1 2 6 0
10 5 5 1 7 3 5 6 2 4 0
10 4 6 0 2 3 5 7 1 4 6
10 4 6 7 2 3 5 1 0 4 6
10 5 5 7 2 3 5 6 1 4 0
10 5 5 1 0 7 5 2 4 3 6
10 6 4 1 7 0 3 2 4 6 5
10 5 5 0 3 5 7 1 2 4 6
10 5 5 1 3 4 5 2 7 0 6
9 6 3 1 3 4 5 2 7 6 0
10 5 5 1 2 3 5 7 0 4 6
10 6 4 1 3 5 7 0 2 4 6
10 7 3 1 3 5 7 2 0 4 6
10 8 2 1 3 5 7 2 4 0 6
9 9 0 1 3 5 7 2 4 6 0