0 0 0 0 7 3 5 1 2 4 6
11 1 10 1 7 3 5 0 2 4 6
10 2 8 1 7 3 5 2 0 4 6
9 3 6 1 7 3 5 2 4 0 6
8 4 4 1 7 3 5 2 4 6 0
11 3 8 1 7 3 5 6 2 4 0
11 5 6 1 7 3 0 2 4 6 5
10 6 4 1 7 3 5 2 4 6 0
11 5 6 1 7 3 5 2 4 0 6
10 6 4 1 7 3 5 2 4 6 0
12 2 10 5 7 3 0 1 2 4 6
12 4 8 1 7 3 0 5 2 4 6
12 4 8 1 7 0 5 2 4 3 6
11 5 6 1 7 5 0 2 4 3 6
12 4 8 1 7 3 5 2 0 4 6
12 6 6 1 7 5 6 2 4 3 0
13 1 12 7 0 3 5 1 2 4 6
12 2 10 7 3 0 5 1 2 4 6
11 3 8 7 3 5 0 1 2 4 6
12 4 8 7 3 5 6 1 2 4 0
13 3 10 6 7 3 5 1 2 4 0
13 3 10 2 7 3 5 1 0 4 6
12 4 8 2 7 3 5 1 4 0 6
11 5 6 2 7 3 5 1 4 6 0
13 3 10 1 0 3 5 2 7 4 6
12 4 8 1 7 3 5 2 0 4 6
12 4 8 1 3 0 5 2 7 4 6
11 5 6 1 3 5 0 2 7 4 6
12 6 6 1 3 5 6 2 7 4 0
13 3 10 1 7 3 5 0 2 4 6
12 4 8 1 7 3 5 2 0 4 6
13 7 6 1 7 3 0 2 4 6 5
12 8 4 1 7 3 5 2 4 6 0
13 7 6 1 7 3 5 2 4 0 6
12 8 4 1 7 3 5 2 4 6 0
13 3 10 5 7 3 6 1 2 4 0
13 5 8 5 7 3 4 1 2 0 6
12 6 6 5 7 3 4 1 2 6 0
13 5 8 1 7 3 6 5 2 4 0
13 7 6 1 7 3 4 5 2 0 6
12 8 4 1 7 3 4 5 2 6 0
13 5 8 1 0 7 5 2 4 3 6
13 7 6 1 7 5 0 2 4 3 6
13 3 10 7 3 4 5 1 2 0 6
12 4 8 7 3 4 5 1 2 6 0
13 5 8 0 3 5 7 1 2 4 6
12 6 6 1 3 5 7 0 2 4 6
11 7 4 1 3 5 7 2 0 4 6
10 8 2 1 3 5 7 2 4 0 6
9 9 0 1 3 5 7 2 4 6 0