0 0 0 4 7 0 1 3 2 5 6
8 1 7 4 7 5 1 3 2 0 6
7 2 5 4 7 5 1 3 2 6 0
9 1 8 4 0 7 1 3 2 5 6
9 1 8 4 7 1 0 3 2 5 6
9 2 7 4 7 5 1 3 0 2 6
9 3 6 4 7 5 0 3 2 6 1
9 2 7 4 2 7 1 3 0 5 6
9 2 7 4 7 1 6 3 2 5 0
9 4 5 4 7 5 1 3 2 6 0
10 2 8 4 7 0 1 3 2 5 6
10 3 7 4 7 5 1 3 2 0 6
9 4 5 4 7 5 1 3 2 6 0
10 4 6 4 7 5 1 0 2 6 3
10 2 8 0 4 7 1 3 2 5 6
10 3 7 0 7 1 4 3 2 5 6
10 3 7 4 0 5 1 3 7 2 6
10 3 7 4 7 5 1 0 3 2 6
10 3 7 4 2 7 1 0 3 5 6
10 3 7 4 2 7 1 3 5 0 6
10 5 5 4 7 5 1 2 0 6 3
10 4 6 4 2 0 1 3 5 7 6
10 4 6 4 2 7 1 3 5 6 0
11 5 6 0 7 5 1 3 2 6 4
11 4 7 4 7 0 5 3 2 6 1
11 5 6 0 7 5 4 3 2 6 1
11 3 8 4 0 7 1 3 2 5 6
11 3 8 4 7 1 0 3 2 5 6
11 3 8 4 7 1 6 3 2 0 5
11 5 6 4 7 5 0 3 2 6 1
11 4 7 4 7 5 1 3 0 2 6
11 5 6 0 7 5 1 4 2 6 3
11 6 5 4 7 5 1 3 2 6 0
11 3 8 3 4 7 1 0 2 5 6
11 4 7 1 4 7 0 3 2 5 6
11 4 7 3 7 1 4 0 2 5 6
11 4 7 7 0 1 4 3 2 5 6
11 4 7 0 4 5 1 3 7 2 6
11 4 7 0 7 5 1 4 3 2 6
11 5 6 4 7 5 1 6 3 2 0
11 4 7 0 2 7 1 4 3 5 6
11 4 7 4 2 7 1 3 0 5 6
11 5 6 4 2 7 1 6 3 5 0
11 6 5 4 0 5 1 2 7 6 3
11 5 6 4 2 1 0 3 5 7 6
11 4 7 4 7 1 6 3 2 5 0
11 4 7 3 4 7 1 2 0 5 6
11 5 6 1 4 7 6 3 2 5 0
11 5 6 1 4 0 7 3 2 5 6
11 5 6 7 2 1 4 3 0 5 6
11 6 5 4 2 1 6 3 5 7 0
11 5 6 3 0 7 1 2 4 5 6
11 6 5 1 4 5 7 3 2 0 6
10 7 3 1 4 5 7 3 2 6 0
11 6 5 0 3 7 1 2 4 5 6
12 5 7 4 7 0 1 3 2 6 5
12 4 8 4 7 1 3 0 2 5 6
12 4 8 4 7 1 5 3 2 0 6
11 5 6 4 7 1 5 3 2 6 0
12 6 6 4 7 5 3 0 2 6 1
12 4 8 4 7 1 6 0 2 5 3
12 4 8 4 7 0 1 3 2 5 6
12 5 7 4 7 5 1 3 2 0 6
11 6 5 4 7 5 1 3 2 6 0
12 5 7 6 4 7 1 3 2 5 0
12 6 6 6 7 1 4 3 2 5 0
12 4 8 4 5 0 1 3 7 2 6
12 6 6 4 7 5 1 0 2 6 3
12 6 6 4 7 5 1 2 6 0 3
12 5 7 4 2 7 1 3 5 0 6
12 5 7 4 0 2 1 3 5 7 6
12 5 7 4 2 7 0 3 5 6 1
12 6 6 3 7 5 1 0 2 6 4
12 6 6 7 0 5 1 3 2 6 4
12 7 5 1 7 5 0 3 2 6 4
12 5 7 4 0 7 5 3 2 6 1
12 6 6 3 7 5 4 0 2 6 1
12 6 6 7 0 5 4 3 2 6 1
12 8 4 1 7 5 4 3 2 6 0
12 4 8 0 4 7 1 3 2 5 6
12 5 7 0 7 1 4 3 2 5 6
12 4 8 4 7 0 6 3 2 1 5
12 4 8 4 7 1 6 3 0 2 5
12 5 7 4 0 5 1 3 7 2 6
12 5 7 4 7 5 1 0 3 2 6
12 6 6 7 0 5 1 4 2 6 3
12 7 5 1 7 5 0 4 2 6 3
12 5 7 3 4 7 1 6 2 5 0
12 5 7 3 7 1 4 2 0 5 6
12 6 6 3 7 1 4 6 2 5 0
12 5 7 7 1 0 4 3 2 5 6
12 5 7 3 4 5 1 0 7 2 6
12 6 6 1 4 5 0 3 7 2 6
12 5 7 7 0 5 1 4 3 2 6
12 6 6 1 7 5 0 4 3 2 6
12 5 7 4 2 7 1 0 3 5 6
12 6 6 1 2 7 0 4 3 5 6
12 7 5 4 7 5 1 2 0 6 3
12 7 5 0 4 5 1 2 7 6 3
12 6 6 4 2 0 1 3 5 7 6
12 7 5 0 2 1 4 3 5 7 6
12 5 7 3 4 7 1 2 5 0 6
11 6 5 3 4 7 1 2 5 6 0
12 6 6 1 0 4 7 3 2 5 6
12 6 6 7 2 1 4 0 3 5 6
12 6 6 7 2 1 4 3 5 0 6
12 6 6 3 7 0 1 2 4 5 6
12 7 5 1 4 5 7 3 0 2 6
12 8 4 1 3 7 0 2 4 5 6
12 5 7 4 7 1 3 2 0 5 6
12 7 5 4 7 5 3 2 0 6 1
12 5 7 4 7 1 6 2 0 5 3
12 7 5 4 7 5 1 2 6 3 0
12 6 6 4 2 7 1 3 5 6 0
12 6 6 4 2 0 7 3 5 6 1
12 7 5 3 7 5 1 2 0 6 4
12 7 5 3 7 5 4 2 0 6 1
12 8 4 1 7 5 3 4 2 6 0
12 7 5 1 4 5 6 3 7 2 0
12 6 6 7 3 5 1 4 0 2 6
12 7 5 1 7 5 6 4 3 2 0
12 7 5 1 2 7 6 4 3 5 0
12 7 5 7 2 1 4 3 5 6 0
12 7 5 3 7 5 1 2 4 0 6
11 8 3 3 7 5 1 2 4 6 0
12 8 4 1 0 5 7 3 4 2 6
12 9 3 1 3 7 6 2 4 5 0
12 9 3 1 3 0 7 2 4 5 6
12 7 5 7 3 5 1 0 4 2 6
12 10 2 1 3 5 7 2 4 0 6
11 11 0 1 3 5 7 2 4 6 0