0 0 0 4 7 0 1 3 2 5 6
13 1 12 4 7 5 1 3 2 0 6
12 2 10 4 7 5 1 3 2 6 0
13 1 12 4 7 1 0 3 2 5 6
14 2 12 4 7 1 6 3 2 5 0
15 1 14 4 0 7 1 3 2 5 6
15 3 12 4 7 5 0 3 2 6 1
14 4 10 4 7 5 1 3 2 6 0
15 3 12 4 7 5 1 3 2 0 6
14 4 10 4 7 5 1 3 2 6 0
15 3 12 4 7 1 0 3 2 5 6
16 2 14 4 7 0 1 3 2 5 6
15 3 12 4 7 1 0 3 2 5 6
16 2 14 4 7 5 1 3 0 2 6
16 4 12 4 7 1 5 3 2 0 6
15 5 10 4 7 1 5 3 2 6 0
16 2 14 4 2 7 1 3 0 5 6
16 2 14 0 4 7 1 3 2 5 6
12 4 8 1 4 7 0 3 2 5 6
13 5 8 1 4 7 6 3 2 5 0
13 5 8 1 4 0 7 3 2 5 6
12 6 6 1 4 5 7 3 2 0 6
11 7 4 1 4 5 7 3 2 6 0
14 6 8 1 4 7 0 3 2 5 6
14 8 6 1 4 5 0 3 2 6 7
13 9 4 1 4 5 7 3 2 6 0
14 8 6 1 4 5 7 3 2 0 6
13 9 4 1 4 5 7 3 2 6 0
15 3 12 3 4 7 1 0 2 5 6
14 4 10 3 4 7 1 2 0 5 6
14 6 8 3 4 7 0 1 2 5 6
15 7 8 1 4 7 5 3 2 0 6
14 8 6 1 4 7 5 3 2 6 0
15 7 8 1 4 0 7 3 2 5 6
15 7 8 1 4 5 7 3 0 2 6
15 7 8 1 4 7 6 3 2 5 0
15 5 10 3 4 7 1 6 2 5 0
15 5 10 3 0 7 1 2 4 5 6
15 5 10 3 4 7 1 2 5 0 6
14 6 8 3 4 7 1 2 5 6 0
15 7 8 3 4 7 6 1 2 5 0
15 7 8 3 4 0 7 1 2 5 6
14 8 6 3 4 5 7 1 2 0 6
13 9 4 3 4 5 7 1 2 6 0
16 4 12 4 7 1 6 3 2 5 0
16 6 10 1 4 7 6 3 2 0 5
15 7 8 1 4 7 6 3 2 5 0
16 6 10 1 0 4 7 3 2 5 6
15 7 8 1 4 0 7 3 2 5 6
16 10 6 1 4 5 0 3 2 6 7
15 11 4 1 4 5 7 3 2 6 0
16 10 6 1 4 5 7 3 2 0 6
15 11 4 1 4 5 7 3 2 6 0
16 8 8 1 4 7 0 3 2 5 6
16 8 8 1 0 5 7 3 4 2 6
16 8 8 1 4 5 7 0 3 2 6
16 6 10 3 4 7 1 2 0 5 6
16 6 10 0 3 7 1 2 4 5 6
12 8 4 1 3 7 0 2 4 5 6
13 9 4 1 3 7 6 2 4 5 0
13 9 4 1 3 0 7 2 4 5 6
12 10 2 1 3 5 7 2 4 0 6
11 11 0 1 3 5 7 2 4 6 0