0 0 0 3 4 2 0 1 5 6 7
9 1 8 3 4 2 7 1 5 6 0
12 2 10 3 4 2 0 1 5 6 7
11 3 8 3 4 2 7 1 5 6 0
12 2 10 3 4 2 7 1 5 0 6
11 3 8 3 4 2 7 1 5 6 0
13 1 12 3 4 0 2 1 5 6 7
13 3 10 3 4 0 7 1 5 2 6
13 3 10 3 4 2 7 1 0 5 6
14 2 12 0 4 2 3 1 5 6 7
13 3 10 1 4 2 3 0 5 6 7
12 4 8 1 4 2 3 5 0 6 7
11 5 6 1 4 2 3 5 6 0 7
10 6 4 1 4 2 3 5 6 7 0
13 5 8 1 4 2 3 7 5 6 0
13 7 6 1 4 2 0 5 6 7 3
12 8 4 1 4 2 3 5 6 7 0
13 7 6 1 4 2 3 5 6 0 7
12 8 4 1 4 2 3 5 6 7 0
14 4 10 3 4 0 7 1 5 6 2
14 4 10 3 4 2 0 1 5 6 7
13 5 8 3 4 2 7 1 5 6 0
14 4 10 3 4 2 7 1 5 0 6
13 5 8 3 4 2 7 1 5 6 0
14 2 12 3 4 6 2 1 5 0 7
13 3 10 3 4 6 2 1 5 7 0
14 2 12 3 0 4 2 1 5 6 7
14 4 10 3 4 7 0 1 5 2 6
14 4 10 3 0 2 7 1 4 5 6
13 5 8 3 2 0 7 1 4 5 6
12 6 6 3 2 5 7 1 4 0 6
11 7 4 3 2 5 7 1 4 6 0
14 6 8 1 4 0 3 5 6 2 7
13 7 6 1 4 3 0 5 6 2 7
14 6 8 1 4 2 3 5 0 6 7
14 6 8 3 2 7 0 1 4 5 6
14 8 6 3 2 5 0 1 4 6 7
13 9 4 3 2 5 7 1 4 6 0
14 8 6 3 2 5 7 1 4 0 6
13 9 4 3 2 5 7 1 4 6 0
14 8 6 1 4 3 7 5 6 2 0
15 3 12 3 4 2 6 1 5 0 7
14 4 10 3 4 2 6 1 5 7 0
15 3 12 4 0 2 3 1 5 6 7
14 4 10 4 2 0 3 1 5 6 7
13 5 8 4 2 3 0 1 5 6 7
14 6 8 4 2 3 7 1 5 6 0
15 5 10 7 4 2 3 1 5 6 0
15 5 10 5 4 2 3 1 0 6 7
14 6 8 5 4 2 3 1 6 0 7
13 7 6 5 4 2 3 1 6 7 0
15 5 10 1 0 2 3 5 4 6 7
14 6 8 1 4 2 3 5 0 6 7
14 6 8 1 2 0 3 5 4 6 7
13 7 6 1 2 3 0 5 4 6 7
14 8 6 1 2 3 7 5 4 6 0
15 5 10 1 4 2 3 0 5 6 7
14 6 8 1 4 2 3 5 0 6 7
15 9 6 1 4 2 0 5 6 7 3
14 10 4 1 4 2 3 5 6 7 0
15 9 6 1 4 2 3 5 6 0 7
14 10 4 1 4 2 3 5 6 7 0
15 5 10 3 4 6 7 1 5 0 2
14 6 8 3 4 6 7 1 5 2 0
15 5 10 3 4 7 0 1 5 6 2
15 5 10 3 4 0 7 1 5 2 6
15 5 10 3 4 2 7 1 0 5 6
15 3 12 3 4 6 2 1 0 5 7
15 3 12 3 5 4 2 1 0 6 7
14 4 10 3 5 4 2 1 6 0 7
13 5 8 3 5 4 2 1 6 7 0
15 3 12 0 3 4 2 1 5 6 7
13 5 8 2 3 4 0 1 5 6 7
12 6 6 2 3 4 7 1 5 6 0
14 4 10 1 3 4 2 0 5 6 7
13 5 8 1 3 4 2 5 0 6 7
12 6 6 1 3 4 2 5 6 0 7
11 7 4 1 3 4 2 5 6 7 0
13 7 6 1 3 4 0 2 5 6 7
12 8 4 1 3 4 7 2 5 6 0
14 6 8 2 3 0 4 1 5 6 7
14 6 8 1 3 4 2 7 5 6 0
14 8 6 1 3 4 0 5 6 7 2
13 9 4 1 3 4 2 5 6 7 0
14 8 6 1 3 4 2 5 6 0 7
13 9 4 1 3 4 2 5 6 7 0
15 5 10 3 4 7 6 1 5 2 0
15 5 10 0 3 2 7 1 4 5 6
14 6 8 1 3 2 7 0 4 5 6
14 8 6 1 3 2 7 6 4 5 0
15 7 8 3 2 0 7 1 4 5 6
15 7 8 3 2 5 7 1 0 4 6
15 7 8 1 0 4 3 5 6 2 7
15 7 8 3 2 7 6 1 4 5 0
15 9 6 1 4 3 0 5 6 2 7
15 5 10 3 4 2 0 1 5 7 6
15 5 10 4 2 6 3 1 5 0 7
14 6 8 4 2 6 3 1 5 7 0
15 7 8 0 2 3 4 1 5 6 7
14 8 6 1 2 3 4 0 5 6 7
13 9 4 1 2 3 4 5 0 6 7
12 10 2 1 2 3 4 5 6 0 7
11 11 0 1 2 3 4 5 6 7 0