0 0 0 6 2 3 4 5 1 0 7
3 1 2 6 2 3 4 5 1 7 0
5 1 4 6 2 3 4 5 0 1 7
6 1 5 6 2 0 4 5 1 3 7
6 2 4 6 2 3 0 5 1 7 4
5 3 2 6 2 3 4 5 1 7 0
6 2 4 6 2 3 4 5 1 0 7
5 3 2 6 2 3 4 5 1 7 0
7 3 4 6 2 3 4 0 1 7 5
7 4 3 0 2 3 4 5 1 7 6
7 2 5 6 0 3 4 5 2 1 7
7 2 5 6 2 3 4 0 5 1 7
7 3 4 6 2 3 4 5 0 1 7
7 5 2 6 2 3 4 5 1 7 0
8 4 4 6 2 0 4 5 1 7 3
8 2 6 6 0 2 4 5 1 3 7
8 2 6 6 2 4 0 5 1 3 7
8 3 5 6 2 0 3 5 1 7 4
8 4 4 0 2 3 6 5 1 7 4
8 4 4 6 2 3 0 5 1 7 4
7 5 2 6 2 3 4 5 1 7 0
8 3 5 6 2 0 4 5 1 3 7
8 4 4 6 2 3 4 5 1 0 7
7 5 2 6 2 3 4 5 1 7 0
8 4 4 0 2 3 4 6 1 7 5
8 4 4 6 2 3 4 1 0 7 5
8 3 5 0 6 3 4 5 2 1 7
8 3 5 0 2 3 4 6 5 1 7
8 4 4 6 2 3 4 7 5 1 0
8 3 5 6 2 4 7 5 1 3 0
9 5 4 5 2 3 4 0 1 7 6
9 5 4 2 0 3 4 5 1 7 6
9 7 2 1 2 3 4 5 0 7 6
9 3 6 6 3 0 4 5 2 1 7
9 4 5 6 0 3 4 5 2 1 7
9 4 5 6 2 3 4 0 5 1 7
9 3 6 6 1 2 4 5 0 3 7
9 3 6 0 6 2 4 5 1 3 7
9 5 4 6 2 3 4 5 0 1 7
10 5 5 6 2 3 5 0 1 7 4
10 5 5 6 2 3 7 5 1 0 4
10 6 4 4 2 3 0 5 1 7 6
10 5 5 6 2 7 4 5 1 0 3
10 5 5 6 0 2 4 5 1 7 3
10 5 5 6 2 4 0 5 1 7 3
10 4 6 0 2 4 6 5 1 3 7
10 4 6 6 2 7 3 5 1 0 4
10 4 6 6 0 2 3 5 1 7 4
10 5 5 5 2 3 6 0 1 7 4
10 5 5 2 0 3 6 5 1 7 4
10 7 3 4 2 3 6 5 1 7 0
10 7 3 1 2 3 6 5 0 7 4
10 5 5 6 2 0 3 5 1 7 4
10 6 4 0 2 3 6 5 1 7 4
10 6 4 6 2 3 0 5 1 7 4
9 7 2 6 2 3 4 5 1 7 0
10 4 6 6 0 2 4 5 1 3 7
10 4 6 6 2 4 0 5 1 3 7
10 5 5 6 2 0 4 5 1 3 7
10 6 4 6 2 3 4 5 1 0 7
9 7 2 6 2 3 4 5 1 7 0
10 5 5 2 0 3 4 6 1 7 5
10 7 3 5 2 3 4 6 1 7 0
10 7 3 1 2 3 4 6 0 7 5
10 5 5 6 0 3 4 1 2 7 5
10 5 5 6 2 3 4 1 7 0 5
10 4 6 5 6 3 4 0 2 1 7
10 6 4 7 6 3 4 5 2 1 0
10 4 6 2 0 3 4 6 5 1 7
10 6 4 7 2 3 4 6 5 1 0
10 5 5 6 2 3 4 7 5 0 1
10 4 6 6 2 4 7 5 1 0 3
10 6 4 5 2 3 4 1 0 7 6
10 6 4 2 1 3 4 5 0 7 6
10 4 6 6 3 1 4 5 2 0 7
9 5 4 6 3 1 4 5 2 7 0
10 5 5 0 6 3 4 5 2 1 7
10 5 5 0 2 3 4 6 5 1 7
10 6 4 6 2 3 4 7 5 1 0
10 4 6 6 1 2 4 5 3 0 7
9 5 4 6 1 2 4 5 3 7 0
10 6 4 6 2 3 7 5 1 4 0
10 6 4 6 2 7 4 5 1 3 0
10 6 4 6 2 4 3 5 1 7 0
10 5 5 6 2 7 3 5 1 4 0
10 5 5 6 2 4 7 5 1 3 0
10 6 4 0 2 3 4 6 1 7 5
10 8 2 1 2 3 4 0 6 7 5
10 6 4 6 2 3 4 1 0 7 5
10 6 4 6 2 3 4 1 7 5 0
10 10 0 1 2 3 4 5 6 7 0