0 0 0 6 2 3 4 5 1 0 7
5 1 4 6 2 3 4 5 1 7 0
8 2 6 6 2 3 0 5 1 7 4
7 3 4 6 2 3 4 5 1 7 0
8 2 6 6 2 3 4 5 1 0 7
7 3 4 6 2 3 4 5 1 7 0
9 1 8 6 2 0 4 5 1 3 7
9 1 8 6 2 3 4 5 0 1 7
10 4 6 6 2 3 0 5 1 7 4
9 5 4 6 2 3 4 5 1 7 0
10 4 6 6 2 3 4 5 1 0 7
9 5 4 6 2 3 4 5 1 7 0
10 2 8 6 2 4 0 5 1 3 7
11 3 8 6 2 0 3 5 1 7 4
11 3 8 6 2 4 7 5 1 3 0
12 4 8 6 2 0 4 5 1 7 3
12 4 8 0 2 3 4 5 1 7 6
11 7 4 6 2 3 4 5 1 7 0
11 7 4 1 2 3 4 5 0 7 6
12 2 10 6 0 2 4 5 1 3 7
11 3 8 6 1 2 4 5 0 3 7
12 2 10 6 0 3 4 5 2 1 7
12 2 10 6 2 3 4 0 5 1 7
12 6 6 6 2 3 0 5 1 7 4
11 7 4 6 2 3 4 5 1 7 0
12 6 6 6 2 3 4 5 1 0 7
11 7 4 6 2 3 4 5 1 7 0
12 4 8 6 2 7 3 5 1 0 4
12 4 8 6 2 4 0 5 1 3 7
12 8 4 1 2 3 4 5 7 0 6
11 9 2 1 2 3 4 5 7 6 0
12 4 8 6 1 2 4 5 3 0 7
11 5 6 6 1 2 4 5 3 7 0
12 4 8 6 2 3 4 7 5 1 0
13 3 10 6 2 3 4 0 1 7 5
9 5 4 6 2 3 4 5 1 7 0
12 4 8 6 2 3 4 1 0 7 5
13 5 8 6 2 3 7 5 1 0 4
13 5 8 6 2 0 4 5 1 3 7
13 5 8 6 2 3 4 5 0 1 7
13 5 8 6 2 4 3 5 1 0 7
12 6 6 6 2 4 3 5 1 7 0
13 5 8 6 2 7 4 5 1 0 3
12 6 6 6 2 7 4 5 1 3 0
13 5 8 6 2 4 0 5 1 7 3
12 6 6 6 2 4 3 5 1 7 0
13 5 8 5 2 3 4 0 1 7 6
11 7 4 5 2 3 4 6 1 7 0
12 6 6 5 2 3 4 1 0 7 6
13 5 8 2 0 3 4 5 1 7 6
12 6 6 2 1 3 4 5 0 7 6
13 3 10 0 6 2 4 5 1 3 7
12 6 6 1 6 2 4 5 0 3 7
13 3 10 0 6 3 4 5 2 1 7
13 3 10 6 3 0 4 5 2 1 7
12 4 8 6 3 1 4 5 2 0 7
11 5 6 6 3 1 4 5 2 7 0
13 3 10 0 2 3 4 6 5 1 7
13 5 8 6 2 7 3 5 1 4 0
13 5 8 6 2 4 7 5 1 3 0
13 9 4 1 2 3 4 5 0 7 6
13 5 8 6 1 2 4 5 0 3 7
13 5 8 6 2 3 4 1 7 0 5
12 6 6 6 2 3 4 1 7 5 0
13 7 6 5 2 3 4 1 7 0 6
12 8 4 5 2 3 4 1 7 6 0
13 7 6 2 1 3 4 5 7 0 6
12 8 4 2 1 3 4 5 7 6 0
13 7 6 1 0 2 4 5 6 3 7
12 8 4 1 2 0 4 5 6 3 7
11 9 2 1 2 3 4 5 6 0 7
10 10 0 1 2 3 4 5 6 7 0