0 0 0 5 2 3 4 6 0 7 1
2 1 1 5 0 3 4 6 2 7 1
2 1 1 5 2 3 4 0 6 7 1
2 1 1 5 2 3 4 6 7 0 1
2 2 0 5 2 3 4 6 7 1 0
3 2 1 5 2 3 4 6 0 7 1
3 2 1 0 5 3 4 6 2 7 1
3 2 1 5 3 0 4 6 2 7 1
3 2 1 0 2 3 4 5 6 7 1
3 3 0 5 2 3 4 1 6 7 0
3 2 1 5 2 0 4 6 7 3 1
4 3 1 5 2 3 0 6 7 1 4
4 3 1 5 2 3 4 6 7 0 1
4 3 1 5 0 3 4 6 2 7 1
4 3 1 5 2 3 4 0 6 7 1
4 3 1 6 5 3 4 0 2 7 1
4 3 1 5 3 7 4 6 2 0 1
4 3 1 5 3 4 0 6 2 7 1
4 3 1 2 0 3 4 5 6 7 1
4 3 1 5 0 2 4 6 7 3 1
4 3 1 5 2 4 0 6 7 3 1
4 4 0 5 2 3 4 6 7 1 0
4 4 0 5 3 7 4 6 2 1 0
4 4 0 5 3 4 1 6 2 7 0
4 4 0 5 2 4 1 6 7 3 0
5 4 1 5 0 3 4 2 6 7 1
5 4 1 5 2 3 0 4 6 7 1
5 4 1 5 2 3 4 0 7 1 6
5 4 1 4 5 3 0 6 2 7 1
5 5 0 1 5 3 4 6 2 7 0
5 4 1 4 2 3 0 5 6 7 1
5 5 0 1 2 3 4 5 6 7 0