0 0 0 3 5 7 2 4 6 0 1
13 1 12 3 5 7 2 4 6 1 0
14 2 12 3 5 7 0 4 6 1 2
15 1 14 3 5 7 2 4 0 6 1
15 3 12 3 5 7 2 4 6 1 0
15 3 12 3 5 0 7 4 6 1 2
14 4 10 3 5 1 7 4 6 0 2
13 5 8 3 5 1 7 4 6 2 0
15 5 10 3 5 1 7 4 0 6 2
16 2 14 3 5 7 2 4 6 0 1
15 3 12 3 5 7 2 4 6 1 0
16 2 14 3 5 7 2 0 4 6 1
12 4 8 3 5 7 2 1 4 6 0
13 5 8 3 5 7 0 2 4 6 1
12 6 6 3 5 7 1 2 4 6 0
13 5 8 3 5 7 0 1 4 6 2
14 6 8 3 5 0 7 2 4 6 1
14 6 8 3 5 7 2 1 4 6 0
14 6 8 3 5 0 7 1 4 6 2
15 5 10 3 5 7 2 1 4 0 6
14 6 8 3 5 7 2 1 4 6 0
15 7 8 3 5 7 0 2 4 6 1
14 8 6 3 5 7 1 2 4 6 0
15 7 8 3 5 7 1 2 4 0 6
14 8 6 3 5 7 1 2 4 6 0
15 7 8 3 5 6 7 2 4 0 1
14 8 6 3 5 6 7 2 4 1 0
15 7 8 3 0 5 7 2 4 6 1
15 7 8 3 5 7 0 1 4 6 2
15 7 8 3 5 6 7 1 4 0 2
14 8 6 3 5 6 7 1 4 2 0
15 7 8 3 0 5 7 1 4 6 2
16 4 12 3 5 7 0 4 6 1 2
16 4 12 3 0 5 7 4 6 1 2
16 6 10 3 5 1 0 4 6 2 7
15 7 8 3 5 1 7 4 6 2 0
16 6 10 3 5 1 7 4 6 0 2
15 7 8 3 5 1 7 4 6 2 0
16 6 10 3 5 1 7 0 4 6 2
12 8 4 3 5 1 7 2 4 6 0
15 9 6 3 5 1 0 2 4 6 7
14 10 4 3 5 1 7 2 4 6 0
15 9 6 3 5 1 7 2 4 0 6
14 10 4 3 5 1 7 2 4 6 0
16 8 8 3 5 0 7 2 4 6 1
16 8 8 3 4 5 7 2 0 6 1
16 8 8 0 3 5 7 2 4 6 1
11 11 0 1 3 5 7 2 4 6 0