0 0 0 3 5 7 2 4 6 0 1
7 1 6 3 5 0 2 4 6 7 1
7 1 6 3 5 7 2 4 6 1 0
8 1 7 3 5 7 2 4 0 6 1
8 2 6 3 0 5 2 4 6 7 1
8 2 6 3 5 2 0 4 6 7 1
8 2 6 3 5 7 2 0 4 6 1
8 3 5 3 5 2 1 4 6 7 0
9 2 7 3 5 7 2 4 6 0 1
9 2 7 3 5 7 0 4 6 1 2
9 2 7 3 0 7 2 4 5 6 1
9 3 6 0 3 5 2 4 6 7 1
9 3 6 3 5 0 2 4 6 7 1
9 3 6 0 5 7 2 3 4 6 1
9 4 5 3 5 7 2 1 4 6 0
9 3 6 3 5 7 2 4 6 1 0
9 3 6 0 3 7 2 4 5 6 1
10 3 7 3 5 7 2 0 6 1 4
10 3 7 3 6 5 2 4 0 7 1
10 4 6 0 5 2 3 4 6 7 1
10 5 5 3 5 2 4 0 6 7 1
10 3 7 3 5 7 2 4 0 6 1
10 5 5 3 5 7 0 2 4 6 1
10 4 6 3 5 2 0 4 6 7 1
10 3 7 3 5 0 7 4 6 1 2
10 3 7 3 7 0 2 4 5 6 1
10 4 6 4 3 5 2 0 6 7 1
10 4 6 3 0 5 2 4 6 7 1
10 6 4 1 3 5 2 4 6 7 0
10 4 6 3 5 7 2 0 4 6 1
10 4 6 5 0 7 2 3 4 6 1
10 6 4 1 5 7 2 3 4 6 0
10 4 6 4 3 7 2 0 5 6 1
10 6 4 1 3 7 2 4 5 6 0
10 4 6 3 6 5 2 0 4 7 1
10 6 4 3 5 7 1 2 4 6 0
10 6 4 3 5 0 7 2 4 6 1
10 5 5 3 5 2 1 4 6 7 0
10 4 6 3 0 5 7 4 6 1 2
10 7 3 3 0 5 7 2 4 6 1
10 5 5 0 3 5 7 4 6 1 2
10 8 2 0 3 5 7 2 4 6 1
11 4 7 3 5 0 2 4 6 1 7
11 4 7 0 5 7 2 4 6 1 3
11 5 6 3 0 7 2 5 4 6 1
11 4 7 3 5 2 1 4 6 0 7
10 5 5 3 5 2 1 4 6 7 0
11 5 6 3 5 2 1 0 6 7 4
11 4 7 0 5 7 3 4 6 1 2
11 5 6 3 5 7 4 0 6 1 2
11 5 6 2 3 5 0 4 6 7 1
11 4 7 3 5 7 2 4 6 0 1
11 5 6 2 5 7 0 3 4 6 1
11 5 6 3 5 7 0 1 4 6 2
11 4 7 3 5 7 0 4 6 1 2
11 4 7 3 0 7 2 4 5 6 1
11 5 6 2 3 7 0 4 5 6 1
11 4 7 0 5 7 2 3 6 1 4
11 5 6 3 5 7 2 4 6 1 0
11 4 7 3 6 5 2 4 7 0 1
11 5 6 4 5 2 3 0 6 7 1
11 5 6 5 0 2 3 4 6 7 1
11 7 4 1 5 2 3 4 6 7 0
11 6 5 0 5 2 4 3 6 7 1
11 7 4 3 5 2 4 1 6 7 0
11 5 6 3 5 0 2 4 6 7 1
11 4 7 3 5 1 7 4 6 0 2
11 4 7 3 7 2 0 4 5 6 1
11 5 6 0 3 5 2 4 6 7 1
11 5 6 4 3 5 2 6 0 7 1
11 6 5 4 3 5 2 1 6 7 0
11 5 6 0 5 7 2 3 4 6 1
11 6 5 3 5 7 2 1 4 6 0
11 5 6 5 7 0 2 3 4 6 1
11 5 6 0 3 7 2 4 5 6 1
11 5 6 4 3 7 2 5 0 6 1
11 6 5 4 3 7 2 1 5 6 0
11 5 6 0 6 5 2 3 4 7 1
11 6 5 3 6 5 2 1 4 7 0
11 5 6 3 6 5 7 4 0 1 2
11 6 5 4 3 5 7 0 6 1 2
11 11 0 1 3 5 7 2 4 6 0