0 0 0 2 7 3 0 6 1 4 5
11 1 10 2 7 3 5 6 1 4 0
13 3 10 2 7 3 4 6 1 0 5
12 4 8 2 7 3 4 6 1 5 0
14 2 12 2 7 3 0 6 1 4 5
13 3 10 2 7 3 5 6 1 4 0
14 2 12 2 7 3 5 6 1 0 4
13 3 10 2 7 3 5 6 1 4 0
15 1 14 2 7 0 3 6 1 4 5
14 2 12 2 7 4 3 6 1 0 5
13 3 10 2 7 4 3 6 1 5 0
15 3 12 2 7 3 5 0 1 4 6
14 4 10 2 7 3 5 1 0 4 6
13 5 8 2 7 3 5 1 4 0 6
12 6 6 2 7 3 5 1 4 6 0
15 5 10 2 7 3 0 6 1 5 4
14 6 8 2 7 3 4 6 1 5 0
15 5 10 2 7 3 4 6 1 0 5
14 6 8 2 7 3 4 6 1 5 0
15 5 10 2 7 3 5 6 1 4 0
15 7 8 2 7 3 0 1 4 6 5
14 8 6 2 7 3 5 1 4 6 0
15 7 8 2 7 3 5 1 4 0 6
14 8 6 2 7 3 5 1 4 6 0
16 4 12 2 7 0 4 6 1 3 5
16 4 12 2 7 3 4 6 0 1 5
16 4 12 2 7 3 0 6 1 4 5
15 5 10 2 7 3 5 6 1 4 0
16 4 12 2 7 3 5 6 1 0 4
15 5 10 2 7 3 5 6 1 4 0
16 2 14 2 0 7 3 6 1 4 5
15 3 12 2 1 7 3 6 0 4 5
14 4 10 2 1 7 3 6 4 0 5
13 5 8 2 1 7 3 6 4 5 0
16 4 12 2 7 4 0 6 1 5 3
15 5 10 2 7 4 3 6 1 5 0
16 4 12 2 7 4 3 6 1 0 5
15 5 10 2 7 4 3 6 1 5 0
16 4 12 0 7 3 5 2 1 4 6
15 7 8 1 7 3 5 2 0 4 6
14 8 6 1 7 3 5 2 4 0 6
13 9 4 1 7 3 5 2 4 6 0
16 6 10 2 7 3 0 5 1 4 6
16 6 10 2 7 0 5 1 4 3 6
15 7 8 2 7 5 0 1 4 3 6
16 6 10 2 7 3 5 1 0 4 6
16 4 12 2 1 7 3 0 6 4 5
12 6 6 2 1 7 3 5 6 4 0
13 7 6 2 1 7 3 5 6 0 4
14 8 6 2 1 0 3 5 6 7 4
13 9 4 2 1 3 0 5 6 7 4
12 10 2 2 1 3 4 5 6 7 0
14 8 6 2 1 7 3 5 6 4 0
15 7 8 2 1 7 0 5 6 4 3
14 8 6 2 1 7 3 5 6 4 0
15 9 6 2 1 7 3 5 6 0 4
15 11 4 2 1 3 0 5 6 7 4
14 12 2 2 1 3 4 5 6 7 0
15 11 4 2 1 3 4 5 6 0 7
14 12 2 2 1 3 4 5 6 7 0
16 6 10 2 1 7 0 6 4 5 3
15 7 8 2 1 7 3 6 4 5 0
16 6 10 2 1 7 3 6 4 0 5
15 7 8 2 1 7 3 6 4 5 0
16 6 10 5 7 3 0 2 1 4 6
16 10 6 1 7 3 0 2 4 6 5
15 11 4 1 7 3 5 2 4 6 0
16 10 6 1 7 3 5 2 4 0 6
15 11 4 1 7 3 5 2 4 6 0
16 8 8 2 7 5 6 1 4 3 0
16 8 8 2 1 7 3 5 0 6 4
15 9 6 2 1 7 3 5 6 0 4
16 10 6 2 1 0 3 5 6 7 4
16 10 6 2 1 7 4 5 6 0 3
15 11 4 2 1 7 4 5 6 3 0
16 10 6 2 1 7 3 5 6 4 0
17 3 14 2 7 3 6 0 1 4 5
16 4 12 2 7 3 6 1 0 4 5
17 3 14 2 7 0 5 6 1 3 4
16 4 12 2 7 5 0 6 1 3 4
15 5 10 2 7 5 4 6 1 3 0
17 3 14 2 7 3 5 6 0 1 4
17 3 14 2 7 0 3 6 1 4 5
17 3 14 2 7 4 3 6 0 1 5
17 5 12 2 0 3 5 1 7 4 6
16 6 10 2 7 3 5 1 0 4 6
16 6 10 2 3 0 5 1 7 4 6
15 7 8 2 3 5 0 1 7 4 6
16 8 8 2 3 5 6 1 7 4 0
17 5 12 2 7 3 5 0 1 4 6
16 6 10 2 7 3 5 1 0 4 6
17 7 10 2 7 3 0 6 1 5 4
16 8 8 2 7 3 4 6 1 5 0
17 7 10 2 7 3 4 6 1 0 5
16 8 8 2 7 3 4 6 1 5 0
17 9 8 2 7 3 0 1 4 6 5
16 10 6 2 7 3 5 1 4 6 0
17 9 8 2 7 3 5 1 4 0 6
16 10 6 2 7 3 5 1 4 6 0
17 5 12 2 0 7 4 6 1 3 5
16 6 10 2 1 7 4 6 0 3 5
17 5 12 2 7 4 0 6 1 3 5
17 5 12 2 0 3 4 6 7 1 5
17 5 12 2 7 3 4 0 6 1 5
13 7 6 2 7 3 4 5 6 1 0
16 8 8 2 7 3 0 5 6 1 4
15 9 6 2 7 3 4 5 6 1 0
16 8 8 2 7 3 4 5 6 0 1
15 9 6 2 7 3 4 5 6 1 0
17 3 14 0 2 7 3 6 1 4 5
14 6 8 5 2 7 3 6 1 4 0
15 7 8 5 2 7 3 6 1 0 4
16 6 10 1 2 7 3 6 0 4 5
16 8 8 5 2 0 3 6 1 7 4
15 9 6 5 2 3 0 6 1 7 4
14 10 4 5 2 3 4 6 1 7 0
16 8 8 5 2 7 3 6 1 4 0
17 5 12 2 1 0 3 6 4 7 5
16 6 10 2 1 3 0 6 4 7 5
15 7 8 2 1 3 5 6 4 7 0
16 8 8 2 1 3 5 6 4 0 7
17 5 12 2 1 7 3 6 0 4 5
17 7 10 2 1 7 3 0 4 5 6
17 5 12 7 0 3 5 2 1 4 6
16 6 10 7 1 3 5 2 0 4 6
15 7 8 7 1 3 5 2 4 0 6
14 8 6 7 1 3 5 2 4 6 0
16 6 10 7 3 0 5 2 1 4 6
15 7 8 7 3 5 0 2 1 4 6
16 8 8 7 3 5 6 2 1 4 0
17 7 10 6 7 3 5 2 1 4 0
17 9 8 1 7 0 5 2 4 3 6
16 10 6 1 7 5 0 2 4 3 6
17 9 8 1 7 3 5 2 0 4 6
17 7 10 2 7 3 6 5 1 4 0
17 9 8 2 7 3 4 5 1 0 6
16 10 6 2 7 3 4 5 1 6 0
17 7 10 2 0 7 5 1 4 3 6
17 5 12 0 1 7 3 2 6 4 5
15 7 8 3 1 7 0 2 6 4 5
14 8 6 3 1 7 5 2 6 4 0
16 6 10 1 0 7 3 2 6 4 5
16 8 8 5 1 7 3 2 6 4 0
16 8 8 3 1 0 7 2 6 4 5
17 7 10 2 1 7 0 3 6 4 5
16 8 8 2 1 7 5 3 6 4 0
17 9 8 2 1 0 3 5 6 4 7
16 10 6 2 1 4 3 5 6 0 7
15 11 4 2 1 4 3 5 6 7 0
16 10 6 2 1 3 0 5 6 4 7
17 9 8 2 0 1 3 5 6 7 4
17 9 8 2 1 7 0 5 6 4 3
16 10 6 2 1 7 3 5 6 4 0
17 13 4 2 1 3 0 5 6 7 4
16 14 2 2 1 3 4 5 6 7 0
17 13 4 2 1 3 4 5 6 0 7
16 14 2 2 1 3 4 5 6 7 0
17 7 10 2 1 0 7 6 4 5 3
16 8 8 2 1 5 7 6 4 0 3
15 9 6 2 1 5 7 6 4 3 0
17 7 10 5 7 3 6 2 1 4 0
17 9 8 2 7 5 0 1 4 3 6
17 11 6 2 1 7 3 5 6 0 4
17 7 10 2 3 4 5 1 7 0 6
16 8 8 2 3 4 5 1 7 6 0
17 9 8 2 3 5 0 1 7 4 6
17 7 10 2 7 3 5 6 1 4 0
17 7 10 2 1 7 4 6 3 0 5
16 8 8 2 1 7 4 6 3 5 0
17 5 12 3 2 7 0 6 1 4 5
16 6 10 3 2 7 5 6 1 4 0
17 7 10 5 2 7 0 6 1 4 3
16 8 8 5 2 7 3 6 1 4 0
17 7 10 1 2 7 3 0 6 4 5
13 9 4 1 2 7 3 5 6 4 0
14 10 4 1 2 7 3 5 6 0 4
15 11 4 1 2 0 3 5 6 7 4
14 12 2 1 2 3 0 5 6 7 4
13 13 0 1 2 3 4 5 6 7 0