0 0 0 7 4 0 3 5 2 6 1
13 1 12 7 4 3 0 5 2 6 1
12 2 10 7 4 3 1 5 2 6 0
15 1 14 7 4 6 3 5 2 0 1
14 2 12 7 4 6 3 5 2 1 0
15 1 14 7 0 4 3 5 2 6 1
14 2 12 7 2 4 3 5 0 6 1
13 3 10 7 2 4 3 5 6 0 1
12 4 8 7 2 4 3 5 6 1 0
15 3 12 7 4 3 0 5 2 6 1
14 4 10 7 4 3 1 5 2 6 0
15 3 12 7 4 3 1 5 2 0 6
14 4 10 7 4 3 1 5 2 6 0
15 5 10 7 2 4 0 5 6 1 3
14 6 8 7 2 4 3 5 6 1 0
15 5 10 7 2 4 3 5 6 0 1
14 6 8 7 2 4 3 5 6 1 0
16 2 14 7 4 0 3 5 2 6 1
16 2 14 0 7 4 3 5 2 6 1
11 5 6 1 7 4 3 5 2 6 0
14 6 8 1 7 4 0 5 2 6 3
13 7 6 1 7 4 3 5 2 6 0
14 6 8 1 7 4 3 5 2 0 6
13 7 6 1 7 4 3 5 2 6 0
15 7 8 1 7 0 4 5 2 6 3
16 4 12 7 2 0 3 5 6 4 1
15 5 10 7 2 3 0 5 6 4 1
14 6 8 7 2 3 1 5 6 4 0
15 7 8 7 2 3 1 5 6 0 4
16 4 12 7 2 4 3 5 0 6 1
16 6 10 7 2 0 4 5 6 1 3
15 7 8 7 2 1 4 5 6 0 3
14 8 6 7 2 1 4 5 6 3 0
16 4 12 3 7 4 0 5 2 6 1
15 5 10 3 7 4 1 5 2 6 0
16 8 8 1 7 0 3 5 2 6 4
15 9 6 1 7 3 0 5 2 6 4
14 10 4 1 7 3 4 5 2 6 0
16 8 8 1 7 4 0 5 2 6 3
15 9 6 1 7 4 3 5 2 6 0
16 8 8 1 7 4 3 5 2 0 6
15 9 6 1 7 4 3 5 2 6 0
16 8 8 1 7 6 4 5 2 0 3
15 9 6 1 7 6 4 5 2 3 0
16 8 8 1 0 7 4 5 2 6 3
15 9 6 1 2 7 4 5 0 6 3
14 10 4 1 2 7 4 5 6 0 3
13 11 2 1 2 7 4 5 6 3 0
15 11 4 1 2 0 4 5 6 7 3
16 8 8 7 2 3 4 5 6 0 1
15 9 6 7 2 3 4 5 6 1 0
16 8 8 7 2 3 1 5 6 4 0
16 12 4 1 2 7 0 5 6 3 4
15 13 2 1 2 7 4 5 6 3 0
16 12 4 1 2 7 4 5 6 0 3
15 13 2 1 2 7 4 5 6 3 0
16 12 4 1 2 4 0 5 6 7 3
15 13 2 1 2 4 3 5 6 7 0
17 3 14 0 4 3 7 5 2 6 1
12 6 6 1 4 3 7 5 2 6 0
13 7 6 1 4 3 0 5 2 6 7
14 8 6 1 4 3 7 5 2 6 0
15 7 8 1 4 3 7 5 2 0 6
14 8 6 1 4 3 7 5 2 6 0
15 9 6 1 4 3 0 5 2 6 7
16 4 12 5 4 3 7 0 2 6 1
12 6 6 5 4 3 7 1 2 6 0
15 5 10 5 4 3 7 2 0 6 1
15 7 8 5 4 3 0 1 2 6 7
14 8 6 5 4 3 7 1 2 6 0
15 7 8 5 4 3 7 1 2 0 6
14 8 6 5 4 3 7 1 2 6 0
16 8 8 1 4 3 7 0 2 6 5
15 9 6 1 4 3 7 2 0 6 5
16 8 8 1 4 0 3 5 2 6 7
15 9 6 1 4 3 0 5 2 6 7
16 10 6 1 4 3 7 5 2 6 0
16 6 10 5 0 3 7 2 4 6 1
15 7 8 5 3 0 7 2 4 6 1
16 6 10 5 4 3 7 2 6 0 1
15 7 8 5 4 3 7 2 6 1 0
16 10 6 1 0 3 7 2 4 6 5
15 11 4 1 3 0 7 2 4 6 5
16 10 6 1 4 3 7 2 6 0 5
15 11 4 1 4 3 7 2 6 5 0
16 8 8 5 3 6 7 2 4 0 1
15 9 6 5 3 6 7 2 4 1 0
16 8 8 5 3 7 0 2 4 6 1
15 9 6 5 3 7 1 2 4 6 0
16 12 4 1 3 6 7 2 4 0 5
15 13 2 1 3 6 7 2 4 5 0
16 12 4 1 3 7 0 2 4 6 5
15 13 2 1 3 7 5 2 4 6 0
17 5 12 0 4 3 1 5 2 6 7
17 3 14 7 4 6 0 5 2 1 3
16 4 12 7 4 6 3 5 2 1 0
17 3 14 7 4 6 3 5 2 0 1
16 4 12 7 4 6 3 5 2 1 0
17 3 14 7 0 4 3 5 2 6 1
16 4 12 7 2 4 3 5 0 6 1
17 3 14 7 2 4 3 0 5 6 1
13 5 8 7 2 4 3 1 5 6 0
16 4 12 7 2 4 3 5 0 6 1
16 6 10 7 2 4 0 1 5 6 3
15 7 8 7 2 4 3 1 5 6 0
16 6 10 7 2 4 3 1 5 0 6
15 7 8 7 2 4 3 1 5 6 0
17 7 10 7 2 0 3 5 6 1 4
16 8 8 7 2 1 3 5 6 0 4
17 7 10 0 2 4 3 5 6 1 7
17 5 12 7 4 3 0 5 2 6 1
17 5 12 7 4 3 1 5 2 0 6
17 7 10 7 2 4 0 5 6 1 3
17 7 10 7 2 4 3 5 6 0 1
17 3 14 5 7 4 3 0 2 6 1
13 5 8 5 7 4 3 1 2 6 0
16 6 10 5 7 4 0 1 2 6 3
15 7 8 5 7 4 3 1 2 6 0
16 6 10 5 7 4 3 1 2 0 6
15 7 8 5 7 4 3 1 2 6 0
17 5 12 2 7 4 3 5 0 6 1
16 6 10 2 7 4 3 5 6 0 1
15 7 8 2 7 4 3 5 6 1 0
17 7 10 1 7 0 3 5 2 4 6
16 8 8 1 7 3 0 5 2 4 6
17 7 10 1 7 4 3 5 0 2 6
17 7 10 7 2 3 0 5 6 4 1
16 8 8 7 2 3 1 5 6 4 0
17 9 8 7 2 1 0 5 6 3 4
16 10 6 7 2 1 4 5 6 3 0
17 9 8 7 2 1 4 5 6 0 3
16 10 6 7 2 1 4 5 6 3 0
17 5 12 3 7 0 4 5 2 6 1
17 9 8 1 7 6 3 5 2 0 4
17 9 8 1 0 7 3 5 2 6 4
16 10 6 1 2 7 3 5 0 6 4
17 11 6 1 7 3 0 5 2 6 4
16 12 4 1 7 3 4 5 2 6 0
17 11 6 1 7 3 4 5 2 0 6
16 12 4 1 7 3 4 5 2 6 0
17 11 6 1 2 7 4 5 0 6 3
17 9 8 7 2 3 1 5 6 0 4
17 13 4 1 2 0 4 5 6 7 3
17 9 8 1 4 3 7 5 2 0 6
16 10 6 1 4 3 7 5 2 6 0
17 9 8 5 4 3 0 1 2 6 7
16 10 6 5 4 3 7 1 2 6 0
17 9 8 5 4 3 7 1 2 0 6
16 10 6 5 4 3 7 1 2 6 0
17 9 8 1 4 6 3 5 2 0 7
16 10 6 1 4 6 3 5 2 7 0
17 9 8 1 0 4 3 5 2 6 7
16 10 6 1 2 4 3 5 0 6 7
17 11 6 1 4 3 0 5 2 6 7
17 7 10 5 4 3 7 2 0 6 1
17 7 10 0 5 3 7 2 4 6 1
12 10 2 1 5 3 7 2 4 6 0
15 11 4 1 5 3 0 2 4 6 7
14 12 2 1 5 3 7 2 4 6 0
15 11 4 1 5 3 7 2 4 0 6
14 12 2 1 5 3 7 2 4 6 0
17 11 6 1 4 3 7 2 0 6 5
17 9 8 5 3 0 7 2 4 6 1
17 13 4 1 3 0 7 2 4 6 5
17 7 10 7 2 0 4 1 5 6 3
17 9 8 7 2 1 3 5 6 4 0
17 9 8 3 2 4 0 5 6 1 7
17 7 10 5 7 0 4 1 2 6 3
17 9 8 1 7 3 6 5 2 4 0
17 13 4 1 5 3 0 2 4 6 7
16 14 2 1 5 3 7 2 4 6 0
17 13 4 1 5 3 7 2 4 0 6
16 14 2 1 5 3 7 2 4 6 0
18 4 14 7 4 3 5 0 2 6 1
14 6 8 7 4 3 5 1 2 6 0
17 5 12 7 4 3 5 2 0 6 1
17 7 10 7 4 3 0 1 2 6 5
16 8 8 7 4 3 5 1 2 6 0
17 7 10 7 4 3 5 1 2 0 6
16 8 8 7 4 3 5 1 2 6 0
18 4 14 7 4 3 6 5 2 0 1
17 5 12 7 4 3 6 5 2 1 0
18 4 14 7 4 3 1 0 2 6 5
17 5 12 7 4 3 1 2 0 6 5
18 2 16 7 4 6 3 5 0 2 1
18 4 14 7 4 0 1 5 2 3 6
17 5 12 7 4 3 1 5 2 0 6
17 5 12 7 4 1 0 5 2 3 6
18 4 14 7 4 3 1 5 0 2 6
17 5 12 7 4 3 1 5 2 0 6
18 8 10 7 2 4 1 5 6 0 3
17 9 8 7 2 4 1 5 6 3 0
18 6 12 7 2 0 3 5 6 4 1
17 7 10 7 2 4 3 5 6 0 1
18 8 10 7 2 0 1 5 6 3 4
17 9 8 7 2 3 1 5 6 0 4
18 8 10 7 2 3 1 5 0 6 4
17 9 8 7 2 3 1 5 6 0 4
18 8 10 7 2 0 4 5 6 1 3
18 8 10 7 2 1 4 5 0 6 3
18 6 12 3 7 4 0 5 2 6 1
17 7 10 3 7 4 1 5 2 6 0
18 6 12 3 7 4 1 5 2 0 6
17 7 10 3 7 4 1 5 2 6 0
18 10 8 1 7 0 3 5 2 6 4
18 10 8 1 7 4 0 5 2 6 3
17 11 6 1 7 4 3 5 2 6 0
18 10 8 1 7 4 3 5 2 0 6
17 11 6 1 7 4 3 5 2 6 0
18 10 8 1 7 6 0 5 2 3 4
17 11 6 1 7 6 4 5 2 3 0
18 10 8 1 7 6 4 5 2 0 3
17 11 6 1 7 6 4 5 2 3 0
18 10 8 1 0 7 4 5 2 6 3
17 11 6 1 2 7 4 5 0 6 3
18 10 8 1 2 7 4 0 5 6 3
17 11 6 1 2 7 4 5 0 6 3
18 14 4 1 2 0 4 5 6 3 7
17 15 2 1 2 3 4 5 6 0 7
16 16 0 1 2 3 4 5 6 7 0