0 0 0 7 4 0 3 5 2 6 1
0 0 6 7 4 3 0 5 2 6 1
0 0 5 7 4 3 1 5 2 6 0
0 0 6 0 4 3 7 5 2 6 1
0 0 4 1 4 3 7 5 2 6 0
0 0 5 1 4 3 0 5 2 6 7
0 0 4 1 4 3 7 5 2 6 0
0 0 5 1 4 3 7 5 2 0 6
0 0 4 1 4 3 7 5 2 6 0
0 0 5 1 4 3 7 0 2 6 5
0 0 4 1 4 3 7 2 0 6 5
0 0 3 1 0 3 7 2 4 6 5
0 0 2 1 3 0 7 2 4 6 5
0 0 3 1 3 6 7 2 4 0 5
0 0 2 1 3 0 7 2 4 6 5
0 0 2 1 3 6 7 2 4 5 0
0 0 3 1 0 3 7 2 4 6 5
0 0 2 1 3 0 7 2 4 6 5
0 0 3 1 3 7 0 2 4 6 5
0 0 2 1 3 7 5 2 4 6 0
0 0 2 1 3 0 7 2 4 6 5
0 0 3 1 3 6 7 2 4 0 5
0 0 2 1 3 0 7 2 4 6 5
0 0 2 1 3 6 7 2 4 5 0
0 0 3 1 3 0 7 2 4 5 6
0 0 2 1 3 5 7 2 4 0 6
0 0 0 1 3 5 7 2 4 6 0