0 0 0 2 3 7 6 5 0 4 1
13 1 12 2 3 7 6 5 4 0 1
12 2 10 2 3 7 6 5 4 1 0
13 3 10 2 3 7 0 5 4 1 6
14 4 10 2 3 7 6 5 4 1 0
14 4 10 2 3 0 7 5 4 1 6
13 5 8 2 3 1 7 5 4 0 6
12 6 6 2 3 1 7 5 4 6 0
15 1 14 2 3 7 6 0 5 4 1
11 3 8 2 3 7 6 1 5 4 0
12 4 8 2 3 7 0 1 5 4 6
13 5 8 2 3 7 6 1 5 4 0
13 5 8 2 3 0 7 1 5 4 6
14 4 10 2 3 7 6 1 5 0 4
13 5 8 2 3 7 6 1 5 4 0
14 6 8 2 3 7 0 1 5 4 6
14 6 8 2 3 4 7 1 5 0 6
13 7 6 2 3 4 7 1 5 6 0
15 3 12 2 3 7 6 5 4 0 1
14 4 10 2 3 7 6 5 4 1 0
15 5 10 2 3 7 0 5 4 1 6
15 7 8 2 3 1 0 5 4 6 7
14 8 6 2 3 1 7 5 4 6 0
15 7 8 2 3 1 7 5 4 0 6
14 8 6 2 3 1 7 5 4 6 0
15 7 8 2 3 7 4 1 5 0 6
14 8 6 2 3 7 4 1 5 6 0
15 5 10 2 3 0 6 1 5 7 4
14 6 8 2 3 6 0 1 5 7 4
13 7 6 2 3 6 4 1 5 7 0
15 5 10 2 3 7 6 1 0 5 4
15 7 8 2 3 7 6 1 5 4 0
15 7 8 2 3 0 7 1 5 4 6
15 7 8 2 3 4 7 1 0 5 6
16 2 14 2 3 0 6 5 4 7 1
15 3 12 2 3 6 0 5 4 7 1
14 4 10 2 3 6 1 5 4 7 0
15 5 10 2 3 6 1 5 4 0 7
16 2 14 2 3 7 6 5 0 4 1
16 4 12 2 3 7 6 0 4 1 5
16 6 10 2 3 7 5 0 4 1 6
16 6 10 2 3 7 1 5 4 0 6
15 7 8 2 3 7 1 5 4 6 0
16 6 10 2 3 0 7 5 4 1 6
16 6 10 2 3 1 7 5 0 4 6
16 8 8 2 3 1 7 0 4 6 5
16 2 14 0 3 7 6 2 5 4 1
11 5 6 1 3 7 6 2 5 4 0
12 6 6 1 3 7 0 2 5 4 6
13 7 6 1 3 7 6 2 5 4 0
13 7 6 1 3 0 7 2 5 4 6
14 6 8 1 3 7 6 2 5 0 4
13 7 6 1 3 7 6 2 5 4 0
14 8 6 1 3 7 0 2 5 4 6
14 8 6 1 3 4 7 2 5 0 6
13 9 4 1 3 4 7 2 5 6 0
15 7 8 1 3 7 6 2 0 5 4
15 9 6 1 3 7 6 2 5 4 0
15 9 6 1 3 0 7 2 5 4 6
15 9 6 1 3 4 7 2 0 5 6
16 4 12 2 3 7 0 6 5 4 1
15 5 10 2 3 7 1 6 5 4 0
16 6 10 2 3 0 6 1 5 4 7
15 7 8 2 3 6 0 1 5 4 7
14 8 6 2 3 6 7 1 5 4 0
16 6 10 2 0 3 7 1 5 4 6
15 7 8 2 5 3 7 1 0 4 6
14 8 6 2 5 3 7 1 4 0 6
13 9 4 2 5 3 7 1 4 6 0
16 6 10 2 3 7 6 1 5 0 4
15 7 8 2 3 7 6 1 5 4 0
16 8 8 2 3 4 0 1 5 6 7
15 9 6 2 3 4 7 1 5 6 0
16 8 8 2 3 4 7 1 5 0 6
15 9 6 2 3 4 7 1 5 6 0
16 6 10 2 3 7 6 5 4 1 0
16 8 8 2 3 0 4 1 5 7 6
16 6 10 2 0 3 6 1 5 7 4
16 8 8 2 3 6 0 1 5 7 4
15 9 6 2 3 6 4 1 5 7 0
16 8 8 2 3 6 4 1 5 0 7
15 9 6 2 3 6 4 1 5 7 0
16 8 8 2 3 7 0 1 5 4 6
16 6 10 2 3 6 7 5 4 0 1
15 7 8 2 3 6 7 5 4 1 0
16 6 10 2 3 6 1 5 4 7 0
16 8 8 2 3 7 5 6 4 1 0
16 10 6 2 3 1 7 5 4 6 0
16 4 12 6 3 7 0 2 5 4 1
15 5 10 6 3 7 1 2 5 4 0
16 8 8 1 3 0 6 2 5 4 7
15 9 6 1 3 6 0 2 5 4 7
14 10 4 1 3 6 7 2 5 4 0
16 8 8 1 0 3 7 2 5 4 6
15 9 6 1 5 3 7 2 0 4 6
14 10 4 1 5 3 7 2 4 0 6
13 11 2 1 5 3 7 2 4 6 0
16 8 8 1 3 7 6 2 5 0 4
15 9 6 1 3 7 6 2 5 4 0
16 10 6 1 3 4 0 2 5 6 7
15 11 4 1 3 4 7 2 5 6 0
16 10 6 1 3 4 7 2 5 0 6
15 11 4 1 3 4 7 2 5 6 0
16 10 6 1 3 7 0 2 5 4 6
16 6 10 2 3 7 1 6 5 0 4
16 10 6 2 5 3 0 1 4 6 7
15 11 4 2 5 3 7 1 4 6 0
16 10 6 2 5 3 7 1 4 0 6
15 11 4 2 5 3 7 1 4 6 0
16 12 4 1 5 3 0 2 4 6 7
15 13 2 1 5 3 7 2 4 6 0
16 12 4 1 5 3 7 2 4 0 6
15 13 2 1 5 3 7 2 4 6 0
17 1 16 2 0 7 6 5 3 4 1
16 2 14 2 3 7 6 5 0 4 1
17 5 12 2 3 0 6 5 4 1 7
17 5 12 2 0 3 7 5 4 1 6
17 5 12 2 3 7 6 5 4 0 1
16 6 10 2 3 7 6 5 4 1 0
17 9 8 2 3 1 0 5 4 6 7
16 10 6 2 3 1 7 5 4 6 0
17 9 8 2 3 1 7 5 4 0 6
16 10 6 2 3 1 7 5 4 6 0
17 9 8 2 3 7 0 1 5 6 4
16 10 6 2 3 7 4 1 5 6 0
17 9 8 2 3 7 4 1 5 0 6
16 10 6 2 3 7 4 1 5 6 0
17 7 10 2 3 0 6 1 5 7 4
17 9 8 2 3 6 7 1 5 0 4
16 10 6 2 3 6 7 1 5 4 0
17 3 14 2 0 3 6 5 4 7 1
16 4 12 2 4 3 6 5 0 7 1
17 5 12 2 3 6 0 5 4 7 1
16 6 10 2 3 6 1 5 4 7 0
17 5 12 0 3 7 6 2 4 1 5
16 8 8 5 3 7 6 2 4 1 0
17 5 12 2 3 7 6 4 0 1 5
16 6 10 2 3 7 6 4 1 0 5
15 7 8 2 3 7 6 4 1 5 0
16 8 8 2 3 7 0 4 1 5 6
17 7 10 2 3 7 0 6 4 1 5
16 8 8 2 3 7 5 6 4 1 0
17 7 10 0 3 7 5 2 4 1 6
17 7 10 2 3 7 5 4 0 1 6
17 7 10 2 3 1 7 0 5 4 6
17 9 8 0 3 1 7 2 4 6 5
16 12 4 5 3 1 7 2 4 6 0
17 9 8 2 3 1 7 4 0 6 5
17 3 14 3 0 7 6 2 5 4 1
16 4 12 3 5 7 6 2 0 4 1
15 5 10 3 5 7 6 2 4 0 1
14 6 8 3 5 7 6 2 4 1 0
15 7 8 3 5 7 0 2 4 1 6
16 8 8 3 5 7 6 2 4 1 0
16 8 8 3 5 0 7 2 4 1 6
15 9 6 3 5 1 7 2 4 0 6
14 10 4 3 5 1 7 2 4 6 0
17 5 12 5 3 7 6 2 0 4 1
17 9 8 1 3 7 4 2 5 0 6
16 10 6 1 3 7 4 2 5 6 0
17 7 10 1 3 0 6 2 5 7 4
16 8 8 1 3 6 0 2 5 7 4
15 9 6 1 3 6 4 2 5 7 0
17 5 12 2 3 0 7 6 5 4 1
17 7 10 2 3 7 4 6 5 0 1
16 8 8 2 3 7 4 6 5 1 0
17 7 10 2 3 4 6 1 5 0 7
16 8 8 2 3 4 6 1 5 7 0
17 9 8 2 3 6 0 1 5 4 7
16 10 6 2 3 6 7 1 5 4 0
17 9 8 2 5 0 7 1 4 3 6
17 9 8 2 5 3 7 1 0 4 6
17 7 10 2 3 7 6 1 0 5 4
17 9 8 2 3 4 7 1 0 5 6
17 9 8 2 0 3 4 1 5 7 6
17 9 8 2 3 4 0 1 5 7 6
17 7 10 2 5 3 6 1 0 7 4
17 7 10 0 2 3 6 1 5 7 4
15 9 6 6 2 3 0 1 5 7 4
14 10 4 6 2 3 4 1 5 7 0
16 8 8 1 2 3 6 0 5 7 4
15 9 6 1 2 3 6 5 0 7 4
15 11 4 1 2 3 0 6 5 7 4
14 12 2 1 2 3 4 6 5 7 0
16 10 6 1 2 3 6 5 7 0 4
17 9 8 2 3 7 6 1 5 4 0
17 7 10 2 3 6 1 5 4 0 7
17 5 12 6 3 0 7 2 5 4 1
17 9 8 1 3 4 6 2 5 0 7
17 11 6 1 3 6 0 2 5 4 7
16 12 4 1 3 6 7 2 5 4 0
17 11 6 1 3 6 7 2 5 0 4
16 12 4 1 3 6 7 2 5 4 0
17 11 6 1 5 0 7 2 4 3 6
17 11 6 1 5 3 7 2 0 4 6
17 9 8 1 3 7 6 2 0 5 4
17 11 6 1 3 4 7 2 0 5 6
17 11 6 1 3 7 6 2 5 4 0
17 7 10 2 3 0 1 6 5 7 4
16 8 8 2 3 1 0 6 5 7 4
15 9 6 2 3 1 4 6 5 7 0
17 7 10 2 3 7 1 6 5 4 0
17 5 12 2 4 3 6 5 7 0 1
16 6 10 2 4 3 6 5 7 1 0
17 7 10 6 3 7 0 2 4 1 5
17 9 8 5 3 7 0 2 4 1 6
17 9 8 2 3 7 6 4 1 5 0
17 9 8 2 3 0 7 4 1 5 6
16 10 6 2 3 5 7 4 1 0 6
15 11 4 2 3 5 7 4 1 6 0
17 9 8 2 3 1 7 6 5 4 0
17 7 10 3 5 7 6 2 4 0 1
16 8 8 3 5 7 6 2 4 1 0
17 9 8 3 5 7 0 2 4 1 6
17 9 8 3 0 5 7 2 4 1 6
17 11 6 3 5 1 0 2 4 6 7
16 12 4 3 5 1 7 2 4 6 0
17 11 6 3 5 1 7 2 4 0 6
16 12 4 3 5 1 7 2 4 6 0
17 11 6 1 3 7 0 2 5 6 4
17 11 6 6 2 3 0 1 5 7 4
16 12 4 6 2 3 4 1 5 7 0
17 11 6 6 2 3 4 1 5 0 7
16 12 4 6 2 3 4 1 5 7 0
17 13 4 1 2 3 0 6 5 7 4
16 14 2 1 2 3 4 6 5 7 0
17 13 4 1 2 3 4 6 5 0 7
16 14 2 1 2 3 4 6 5 7 0
17 11 6 1 2 3 6 5 0 7 4
17 11 6 1 2 3 6 5 7 4 0
17 7 10 2 4 3 0 5 7 1 6
18 10 8 2 3 0 7 1 5 6 4
18 8 10 2 3 0 1 5 4 6 7
18 10 8 2 3 1 5 0 4 6 7
18 8 10 2 3 7 4 1 0 5 6
18 6 12 2 0 7 6 1 3 5 4
17 7 10 2 3 7 6 1 0 5 4
18 6 12 2 3 7 6 0 1 5 4
16 8 8 2 3 7 6 4 1 5 0
17 7 10 2 3 7 6 1 0 5 4
18 8 10 2 0 4 7 1 3 5 6
17 9 8 2 3 4 7 1 0 5 6
17 9 8 2 4 0 7 1 3 5 6
16 10 6 2 4 5 7 1 3 0 6
15 11 4 2 4 5 7 1 3 6 0
18 8 10 2 3 4 7 0 1 5 6
17 9 8 2 3 4 7 1 0 5 6
18 4 14 2 3 0 6 5 4 7 1
18 6 12 2 3 6 5 0 4 7 1
14 8 6 2 3 6 5 1 4 7 0
15 9 6 2 3 6 5 1 4 0 7
16 10 6 2 3 0 5 1 4 6 7
15 11 4 2 3 5 0 1 4 6 7
14 12 2 2 3 5 7 1 4 6 0
16 10 6 2 3 6 5 1 4 7 0
17 9 8 2 3 6 0 1 4 7 5
16 10 6 2 3 6 5 1 4 7 0
17 11 6 2 3 6 5 1 4 0 7
17 13 4 2 3 5 0 1 4 6 7
16 14 2 2 3 5 7 1 4 6 0
17 13 4 2 3 5 7 1 4 0 6
16 14 2 2 3 5 7 1 4 6 0
18 6 12 2 3 6 1 0 4 7 5
18 6 12 2 3 6 1 5 0 4 7
18 8 10 2 3 7 0 5 4 6 1
17 9 8 2 3 7 1 5 4 6 0
18 8 10 2 3 7 1 5 4 0 6
17 9 8 2 3 7 1 5 4 6 0
18 12 6 1 3 0 7 2 5 6 4
18 8 10 1 0 7 6 2 3 5 4
17 9 8 1 3 7 6 2 0 5 4
18 8 10 1 3 7 6 0 2 5 4
16 10 6 1 3 7 6 4 2 5 0
17 9 8 1 3 7 6 2 0 5 4
17 11 6 1 3 7 0 4 2 5 6
18 10 8 1 0 4 7 2 3 5 6
17 11 6 1 3 4 7 2 0 5 6
17 11 6 1 4 0 7 2 3 5 6
16 12 4 1 4 5 7 2 3 0 6
15 13 2 1 4 5 7 2 3 6 0
18 10 8 1 3 4 7 0 2 5 6
17 11 6 1 3 4 7 2 0 5 6
18 6 12 2 3 7 0 6 5 4 1
17 7 10 2 3 7 1 6 5 4 0
18 8 10 2 3 0 6 1 5 4 7
18 8 10 2 0 3 7 1 5 4 6
17 9 8 2 5 3 7 1 0 4 6
18 8 10 2 5 3 7 0 1 4 6
17 9 8 2 5 3 7 1 0 4 6
18 8 10 2 3 7 6 1 5 0 4
17 9 8 2 3 7 6 1 5 4 0
18 10 8 2 3 4 0 1 5 6 7
17 11 6 2 3 4 7 1 5 6 0
18 10 8 2 3 4 7 1 5 0 6
17 11 6 2 3 4 7 1 5 6 0
18 10 8 2 3 6 0 1 5 7 4
17 11 6 2 3 6 4 1 5 7 0
18 10 8 2 3 6 4 1 5 0 7
17 11 6 2 3 6 4 1 5 7 0
18 8 10 2 3 6 0 5 4 1 7
17 9 8 2 3 6 7 5 4 1 0
18 8 10 2 3 6 7 5 4 0 1
17 9 8 2 3 6 7 5 4 1 0
18 6 12 6 3 7 0 2 5 4 1
17 7 10 6 3 7 1 2 5 4 0
18 6 12 6 3 7 1 2 5 0 4
17 7 10 6 3 7 1 2 5 4 0
18 10 8 1 3 0 6 2 5 4 7
18 10 8 1 0 3 7 2 5 4 6
17 11 6 1 5 3 7 2 0 4 6
18 10 8 1 5 3 7 0 2 4 6
17 11 6 1 5 3 7 2 0 4 6
18 10 8 1 3 7 6 2 5 0 4
17 11 6 1 3 7 6 2 5 4 0
18 12 6 1 3 4 0 2 5 6 7
17 13 4 1 3 4 7 2 5 6 0
18 12 6 1 3 4 7 2 5 0 6
17 13 4 1 3 4 7 2 5 6 0
18 12 6 2 5 3 0 1 4 6 7
17 13 4 2 5 3 7 1 4 6 0
18 12 6 2 5 3 7 1 4 0 6
17 13 4 2 5 3 7 1 4 6 0
18 14 4 1 5 3 0 2 4 6 7
17 15 2 1 5 3 7 2 4 6 0
18 14 4 1 5 3 7 2 4 0 6
17 15 2 1 5 3 7 2 4 6 0
18 2 16 0 2 7 6 5 3 4 1
13 5 8 1 2 7 6 5 3 4 0
14 6 8 1 2 7 0 5 3 4 6
14 6 8 1 2 7 6 5 3 0 4
15 7 8 1 2 7 6 5 3 4 0
15 9 6 1 2 7 4 5 3 0 6
14 10 4 1 2 7 4 5 3 6 0
15 7 8 1 2 0 6 5 3 7 4
14 8 6 1 2 6 0 5 3 7 4
13 9 4 1 2 6 4 5 3 7 0
15 7 8 1 2 7 6 5 0 3 4
16 4 12 6 2 7 0 5 3 4 1
15 5 10 6 2 7 1 5 3 4 0
16 8 8 1 2 7 0 5 3 4 6
16 8 8 1 2 7 6 5 3 0 4
16 10 6 1 2 0 4 5 3 7 6
16 10 6 1 2 7 4 5 0 3 6
16 10 6 1 2 6 0 5 3 7 4
15 11 4 1 2 6 4 5 3 7 0
16 10 6 1 2 6 4 5 3 0 7
15 11 4 1 2 6 4 5 3 7 0
16 6 10 6 2 7 1 5 3 0 4
17 7 10 1 2 0 7 5 3 4 6
16 8 8 1 2 4 7 5 3 0 6
15 9 6 1 2 4 7 5 3 6 0
16 8 8 1 2 7 0 5 3 4 6
16 10 6 1 2 4 0 5 3 6 7
17 11 6 1 2 7 0 5 3 6 4
16 12 4 1 2 7 4 5 3 6 0
17 11 6 1 2 7 4 5 3 0 6
16 12 4 1 2 7 4 5 3 6 0
17 9 8 1 2 0 6 5 3 7 4
17 7 10 6 2 7 4 5 3 0 1
16 8 8 6 2 7 4 5 3 1 0
17 9 8 1 2 7 6 5 3 4 0
17 9 8 1 2 7 6 5 0 3 4
17 11 6 1 2 4 0 5 3 7 6
17 11 6 1 2 6 4 5 0 3 7
17 7 10 6 2 0 1 5 3 7 4
16 8 8 6 2 1 0 5 3 7 4
15 9 6 6 2 1 4 5 3 7 0
17 7 10 6 2 7 1 5 0 3 4
17 7 10 6 2 7 1 5 3 4 0
17 9 8 1 2 4 7 5 0 3 6
17 11 6 1 2 4 7 5 3 6 0
18 2 16 2 7 0 6 5 3 4 1
17 3 14 2 7 4 6 5 3 0 1
16 4 12 2 7 4 6 5 3 1 0
17 3 14 2 7 6 0 5 3 4 1
16 4 12 2 7 6 1 5 3 4 0
17 5 12 2 7 4 0 5 3 1 6
17 5 12 2 7 6 1 5 3 0 4
18 6 12 2 4 3 7 5 0 1 6
17 7 10 2 4 3 7 5 1 0 6
16 8 8 2 4 3 7 5 1 6 0
17 9 8 2 4 3 0 5 1 6 7
18 8 10 2 0 3 6 1 5 7 4
18 10 8 2 3 6 7 1 0 5 4
18 4 14 0 2 3 6 5 4 7 1
13 7 6 1 2 3 6 5 4 7 0
14 8 6 1 2 3 0 5 4 7 6
15 9 6 1 2 3 6 5 4 7 0
16 6 10 6 2 3 0 5 4 7 1
15 7 8 6 2 3 1 5 4 7 0
16 8 8 1 2 3 6 5 4 0 7
15 9 6 1 2 3 6 5 4 7 0
16 10 6 1 2 3 0 5 4 7 6
17 9 8 1 2 0 3 5 4 7 6
16 10 6 1 2 3 0 5 4 7 6
17 9 8 1 2 3 6 5 0 4 7
17 11 6 1 2 3 6 5 4 7 0
18 6 12 3 0 7 6 2 4 1 5
18 8 10 2 3 7 6 4 1 0 5
17 9 8 2 3 7 6 4 1 5 0
18 8 10 2 3 0 7 6 4 1 5
17 9 8 2 3 1 7 6 4 0 5
16 10 6 2 3 1 7 6 4 5 0
18 8 10 3 0 7 5 2 4 1 6
18 10 8 6 3 7 5 2 4 1 0
18 8 10 0 3 1 7 2 5 4 6
18 10 8 3 0 1 7 2 4 6 5
17 11 6 3 1 0 7 2 4 6 5
18 10 8 2 3 1 7 4 6 0 5
17 11 6 2 3 1 7 4 6 5 0
18 4 14 3 7 0 6 2 5 4 1
17 5 12 3 7 6 0 2 5 4 1
16 6 10 3 7 6 1 2 5 4 0
18 6 12 3 5 0 6 2 4 7 1
17 7 10 3 5 6 0 2 4 7 1
16 8 8 3 5 6 1 2 4 7 0
17 9 8 3 5 6 1 2 4 0 7
18 6 12 3 5 7 6 2 0 4 1
18 10 8 3 5 7 1 2 4 0 6
17 11 6 3 5 7 1 2 4 6 0
18 10 8 3 5 0 7 2 4 1 6
18 10 8 3 5 1 7 2 0 4 6
18 10 8 1 3 0 4 2 5 7 6
18 10 8 1 3 7 4 2 0 5 6
18 8 10 1 0 3 6 2 5 7 4
18 10 8 1 3 6 0 2 5 7 4
17 11 6 1 3 6 4 2 5 7 0
18 6 12 2 3 4 7 6 5 0 1
17 7 10 2 3 4 7 6 5 1 0
18 8 10 2 3 0 4 6 5 7 1
18 8 10 2 3 4 6 1 0 5 7
18 10 8 2 0 5 7 1 4 3 6
18 10 8 2 5 7 0 1 4 3 6
18 10 8 2 5 3 4 1 0 7 6
18 10 8 0 2 3 4 1 5 7 6
17 13 4 6 2 3 4 1 5 7 0
18 10 8 2 3 4 6 1 5 7 0
18 8 10 2 5 3 6 1 7 0 4
18 10 8 4 2 3 6 1 5 7 0
18 10 8 5 2 3 6 1 0 7 4
18 10 8 6 2 0 3 1 5 7 4
18 10 8 1 2 3 6 4 5 7 0
18 10 8 1 0 3 6 5 2 7 4
17 11 6 1 2 3 6 5 0 7 4
18 10 8 1 2 3 6 0 5 7 4
17 11 6 1 2 3 6 5 0 7 4
18 12 6 1 2 0 3 6 5 7 4
18 10 8 2 3 7 0 1 5 4 6
18 8 10 2 3 6 1 5 4 7 0
18 6 12 6 3 4 7 2 5 0 1
17 7 10 6 3 4 7 2 5 1 0
18 10 8 1 3 4 6 2 0 5 7
18 10 8 1 3 4 6 2 5 7 0
18 12 6 1 3 6 7 2 0 5 4
18 12 6 1 0 5 7 2 4 3 6
18 12 6 1 5 7 0 2 4 3 6
18 12 6 1 3 7 0 2 5 4 6
18 8 10 2 3 7 1 6 5 0 4
18 8 10 2 0 3 1 6 5 7 4
18 10 8 2 3 1 0 6 5 7 4
17 11 6 2 3 1 4 6 5 7 0
18 10 8 2 3 1 4 6 5 0 7
17 11 6 2 3 1 4 6 5 7 0
18 6 12 2 4 3 6 5 0 7 1
18 8 10 6 3 0 7 2 4 1 5
17 9 8 6 3 1 7 2 4 0 5
16 10 6 6 3 1 7 2 4 5 0
18 10 8 5 3 7 6 2 4 1 0
18 10 8 5 3 0 7 2 4 1 6
18 10 8 2 3 7 0 4 1 5 6
18 12 6 2 3 5 0 4 1 6 7
17 13 4 2 3 5 7 4 1 6 0
18 12 6 2 3 5 7 4 1 0 6
17 13 4 2 3 5 7 4 1 6 0
18 10 8 3 5 7 6 2 4 1 0
18 10 8 3 4 5 7 2 0 1 6
17 11 6 3 4 5 7 2 1 0 6
16 12 4 3 4 5 7 2 1 6 0
18 10 8 0 3 5 7 2 4 1 6
18 12 6 1 3 7 4 2 5 6 0
18 12 6 1 2 3 6 5 7 0 4
18 12 6 1 2 3 0 5 7 4 6
18 8 10 2 4 3 6 5 7 1 0
18 10 8 2 4 7 0 1 3 5 6
18 12 6 2 4 5 0 1 3 6 7
17 13 4 2 4 5 7 1 3 6 0
18 12 6 2 4 5 7 1 3 0 6
17 13 4 2 4 5 7 1 3 6 0
18 10 8 2 3 4 7 6 1 5 0
18 10 8 2 3 6 5 1 0 4 7
17 11 6 2 3 6 5 1 4 0 7
18 12 6 2 3 0 5 1 4 6 7
18 12 6 2 3 6 7 1 4 0 5
17 13 4 2 3 6 7 1 4 5 0
18 12 6 2 3 6 5 1 4 7 0
18 12 6 1 3 7 6 4 2 5 0
18 12 6 1 3 0 7 4 2 5 6
17 13 4 1 3 5 7 4 2 0 6
16 14 2 1 3 5 7 4 2 6 0
18 12 6 1 4 7 0 2 3 5 6
18 14 4 1 4 5 0 2 3 6 7
17 15 2 1 4 5 7 2 3 6 0
18 14 4 1 4 5 7 2 3 0 6
17 15 2 1 4 5 7 2 3 6 0
18 12 6 1 3 4 7 6 2 5 0
18 10 8 2 5 3 7 6 1 4 0
18 12 6 1 5 3 7 6 2 4 0
18 8 10 1 2 0 6 5 3 4 7
17 9 8 1 2 6 0 5 3 4 7
18 8 10 1 0 2 6 5 3 7 4
17 9 8 1 3 2 6 5 0 7 4
17 9 8 1 2 0 6 5 3 7 4
18 8 10 1 0 7 6 5 2 3 4
17 9 8 1 2 7 6 5 0 3 4
18 8 10 1 2 7 6 0 5 3 4
17 9 8 1 2 7 6 5 0 3 4
17 11 6 1 2 7 0 6 5 3 4
16 12 4 1 2 7 4 6 5 3 0
18 6 12 6 2 7 0 5 3 4 1
17 7 10 6 2 7 1 5 3 4 0
18 12 6 1 2 6 0 5 3 7 4
17 13 4 1 2 6 4 5 3 7 0
18 12 6 1 2 6 4 5 3 0 7
17 13 4 1 2 6 4 5 3 7 0
18 10 8 1 2 4 7 5 3 0 6
17 11 6 1 2 4 7 5 3 6 0
18 12 6 1 2 7 4 5 0 3 6
18 8 10 6 2 0 4 5 3 7 1
18 8 10 6 2 7 4 5 0 3 1
18 10 8 1 2 7 0 5 3 4 6
18 12 6 1 2 4 6 5 3 7 0
18 8 10 6 2 7 1 5 3 0 4
18 10 8 6 2 1 0 5 3 7 4
17 11 6 6 2 1 4 5 3 7 0
18 10 8 6 2 1 4 5 3 0 7
17 11 6 6 2 1 4 5 3 7 0
18 12 6 1 2 4 0 5 3 6 7
18 4 14 2 7 4 6 5 0 3 1
18 6 12 2 7 6 4 5 3 0 1
17 7 10 2 7 6 4 5 3 1 0
18 6 12 2 7 4 6 5 3 1 0
18 6 12 2 7 0 4 5 3 1 6
17 7 10 2 7 1 4 5 3 0 6
16 8 8 2 7 1 4 5 3 6 0
18 6 12 2 7 0 1 5 3 6 4
18 6 12 2 7 6 1 5 0 3 4
18 6 12 2 7 6 1 5 3 4 0
18 10 8 2 4 3 7 5 1 6 0
18 8 10 6 2 3 0 5 4 7 1
17 9 8 6 2 3 1 5 4 7 0
18 8 10 6 2 3 1 5 4 0 7
17 9 8 6 2 3 1 5 4 7 0
18 10 8 1 2 3 6 5 4 0 7
17 11 6 1 2 3 6 5 4 7 0
18 10 8 1 2 7 3 5 4 0 6
17 11 6 1 2 7 3 5 4 6 0
18 12 6 1 2 3 0 5 4 7 6
18 12 6 3 1 6 7 2 4 0 5
17 13 4 3 1 6 7 2 4 5 0
18 12 6 3 1 7 0 2 4 6 5
17 13 4 3 1 7 5 2 4 6 0
18 10 8 3 5 6 7 2 4 0 1
17 11 6 3 5 6 7 2 4 1 0
18 10 8 3 5 6 1 2 4 7 0
18 8 10 2 3 4 0 6 5 1 7
18 10 8 1 2 6 7 5 3 4 0
18 10 8 1 3 2 6 5 7 0 4
18 8 10 2 7 1 4 5 0 3 6
19 9 10 2 3 0 7 5 4 6 1
19 5 14 2 3 7 6 0 5 4 1
19 7 12 2 3 7 1 0 5 4 6
18 10 8 2 3 7 0 1 5 4 6
19 11 8 2 3 0 4 1 5 6 7
19 7 12 2 3 0 1 5 4 7 6
18 8 10 2 3 1 0 5 4 7 6
19 9 10 2 3 7 0 5 4 1 6
19 7 12 2 3 7 1 5 0 4 6
19 9 10 2 3 7 1 0 4 6 5
18 12 6 2 3 7 0 1 4 6 5
17 13 4 2 3 7 5 1 4 6 0
19 7 12 2 0 1 7 5 3 4 6
18 8 10 2 1 0 7 5 3 4 6
19 7 12 1 3 7 6 0 5 4 2
19 7 12 2 0 3 6 1 5 4 7
18 8 10 2 5 3 6 1 0 4 7
19 11 8 2 3 0 7 1 5 4 6
19 7 12 0 2 3 7 1 5 4 6
18 8 10 1 2 3 7 0 5 4 6
16 10 6 1 2 3 7 6 5 4 0
17 9 8 1 2 3 7 5 0 4 6
17 11 6 1 2 3 0 6 5 4 7
18 10 8 6 2 3 7 1 5 4 0
18 12 6 1 2 3 7 6 5 4 0
19 9 10 2 3 6 4 1 0 5 7
19 7 12 2 3 6 7 5 0 4 1
19 9 10 2 3 6 7 0 4 1 5
19 9 10 2 3 7 5 6 4 0 1
18 10 8 2 3 7 5 6 4 1 0
19 7 12 6 3 7 4 2 5 0 1
18 8 10 6 3 7 4 2 5 1 0
19 9 10 1 0 3 6 2 5 4 7
18 10 8 1 5 3 6 2 0 4 7
19 13 6 1 3 0 7 2 5 4 6
19 9 10 0 1 3 7 2 5 4 6
19 11 8 1 3 0 4 2 5 6 7
19 7 12 2 3 7 1 6 0 5 4
18 8 10 2 3 7 1 6 5 0 4
19 11 8 2 5 0 3 1 4 6 7
19 13 6 1 5 0 3 2 4 6 7
19 3 16 2 0 7 6 5 3 4 1
19 7 12 2 3 7 6 5 4 0 1
19 11 8 2 3 1 0 5 4 6 7
18 12 6 2 3 1 7 5 4 6 0
19 11 8 2 3 1 7 5 4 0 6
18 12 6 2 3 1 7 5 4 6 0
19 11 8 2 3 7 0 1 5 6 4
18 12 6 2 3 7 4 1 5 6 0
19 11 8 2 3 7 4 1 5 0 6
18 12 6 2 3 7 4 1 5 6 0
19 11 8 2 3 6 7 1 5 0 4
18 12 6 2 3 6 7 1 5 4 0
19 5 14 2 0 3 6 5 4 7 1
18 6 12 2 4 3 6 5 0 7 1
19 5 14 2 4 3 6 0 5 7 1
15 7 8 2 4 3 6 1 5 7 0
16 8 8 2 4 3 0 1 5 7 6
17 9 8 2 4 3 6 1 5 7 0
18 6 12 2 4 3 6 5 0 7 1
18 8 10 2 4 3 0 6 5 7 1
17 9 8 2 4 3 1 6 5 7 0
18 8 10 2 4 3 6 1 5 0 7
17 9 8 2 4 3 6 1 5 7 0
18 10 8 2 4 3 0 1 5 7 6
19 7 12 2 3 6 0 5 4 7 1
18 8 10 2 3 6 1 5 4 7 0
19 9 10 5 3 7 6 2 4 0 1
18 10 8 5 3 7 6 2 4 1 0
19 7 12 2 3 0 6 4 1 7 5
18 8 10 2 3 6 0 4 1 7 5
17 9 8 2 3 6 5 4 1 7 0
18 10 8 2 3 6 5 4 1 0 7
19 7 12 2 3 7 6 4 0 1 5
19 11 8 2 3 7 5 4 1 0 6
18 12 6 2 3 7 5 4 1 6 0
19 9 10 2 3 7 0 6 4 1 5
18 10 8 2 3 7 5 6 4 1 0
19 11 8 7 3 1 0 2 4 6 5
18 12 6 7 3 1 5 2 4 6 0
19 13 6 5 3 1 0 2 4 6 7
18 14 4 5 3 1 7 2 4 6 0
19 13 6 5 3 1 7 2 4 0 6
18 14 4 5 3 1 7 2 4 6 0
19 5 14 3 0 7 6 2 5 4 1
18 6 12 3 5 7 6 2 0 4 1
19 5 14 3 5 7 6 0 2 4 1
15 7 8 3 5 7 6 1 2 4 0
16 8 8 3 5 7 0 1 2 4 6
17 9 8 3 5 7 6 1 2 4 0
17 9 8 3 5 0 7 1 2 4 6
18 6 12 3 5 7 6 2 0 4 1
18 8 10 3 5 7 6 1 2 0 4
17 9 8 3 5 7 6 1 2 4 0
18 10 8 3 5 7 0 1 2 4 6
18 10 8 3 5 4 7 1 2 0 6
17 11 6 3 5 4 7 1 2 6 0
18 10 8 3 0 5 7 1 2 4 6
19 9 10 3 5 0 6 2 4 1 7
19 11 8 1 3 7 4 2 5 0 6
18 12 6 1 3 7 4 2 5 6 0
19 9 10 1 3 0 6 2 5 7 4
19 9 10 2 3 7 0 6 5 1 4
18 10 8 2 3 7 4 6 5 1 0
19 9 10 2 3 7 4 6 5 0 1
18 10 8 2 3 7 4 6 5 1 0
19 9 10 2 3 4 6 1 5 0 7
18 10 8 2 3 4 6 1 5 7 0
19 11 8 2 3 6 0 1 5 4 7
18 12 6 2 3 6 7 1 5 4 0
19 11 8 1 2 0 6 5 7 3 4
18 12 6 1 2 3 6 5 7 0 4
18 12 6 1 2 6 0 5 7 3 4
17 13 4 1 2 6 4 5 7 3 0
19 13 6 1 3 6 0 2 5 4 7
18 14 4 1 3 6 7 2 5 4 0
19 13 6 1 3 6 7 2 5 0 4
18 14 4 1 3 6 7 2 5 4 0
19 9 10 2 3 0 1 6 5 7 4
19 7 12 2 4 3 6 5 7 0 1
18 8 10 2 4 3 6 5 7 1 0
19 11 8 2 3 0 7 4 1 5 6
19 11 8 2 3 5 7 4 0 1 6
19 9 10 3 5 7 6 2 4 0 1
18 10 8 3 5 7 6 2 4 1 0
19 13 6 3 5 1 0 2 4 6 7
18 14 4 3 5 1 7 2 4 6 0
19 13 6 3 5 1 7 2 4 0 6
18 14 4 3 5 1 7 2 4 6 0
19 13 6 6 2 3 0 1 5 7 4
18 14 4 6 2 3 4 1 5 7 0
19 13 6 6 2 3 4 1 5 0 7
18 14 4 6 2 3 4 1 5 7 0
19 15 4 1 2 3 0 6 5 7 4
18 16 2 1 2 3 4 6 5 7 0
19 15 4 1 2 3 4 6 5 0 7
18 16 2 1 2 3 4 6 5 7 0
19 9 10 2 3 6 1 5 4 0 7
19 11 8 0 3 1 5 2 4 6 7
19 11 8 2 3 1 5 4 0 6 7
19 7 12 2 7 0 6 1 3 5 4
18 8 10 2 7 5 6 1 3 0 4
17 9 8 2 7 5 6 1 3 4 0
18 8 10 2 7 6 0 1 3 5 4
18 10 8 2 7 5 0 1 3 4 6
19 7 12 0 3 7 6 2 1 5 4
18 10 8 4 3 7 6 2 1 5 0
19 9 10 2 3 7 0 6 1 5 4
18 10 8 2 3 7 4 6 1 5 0
19 11 8 2 4 0 7 1 3 5 6
19 11 8 2 4 5 7 1 0 3 6
19 9 10 0 3 4 7 2 1 5 6
19 7 12 0 3 6 5 2 4 7 1
14 10 4 1 3 6 5 2 4 7 0
15 11 4 1 3 6 5 2 4 0 7
16 12 4 1 3 0 5 2 4 6 7
15 13 2 1 3 5 0 2 4 6 7
14 14 0 1 3 5 7 2 4 6 0