0 0 0 6 1 5 0 3 2 4 7
9 1 8 6 1 5 7 3 2 4 0
12 2 10 6 1 5 0 3 2 4 7
11 3 8 6 1 5 7 3 2 4 0
12 2 10 6 1 5 7 3 2 0 4
11 3 8 6 1 5 7 3 2 4 0
13 1 12 6 1 0 5 3 2 4 7
14 2 12 0 1 5 6 3 2 4 7
13 3 10 3 1 5 6 0 2 4 7
12 4 8 3 1 5 6 2 0 4 7
11 5 6 3 1 5 6 2 4 0 7
12 6 6 3 1 5 6 2 4 7 0
13 3 10 1 0 5 6 3 2 4 7
13 7 6 3 1 5 0 2 4 7 6
13 7 6 3 1 5 6 2 4 0 7
14 4 10 0 1 5 7 3 2 4 6
13 5 8 3 1 5 7 0 2 4 6
12 6 6 3 1 5 7 2 0 4 6
13 5 8 1 0 5 7 3 2 4 6
13 7 6 3 1 5 7 6 2 4 0
14 4 10 6 1 5 0 3 2 4 7
14 4 10 6 1 5 7 3 2 0 4
14 2 12 6 1 4 5 3 2 0 7
14 6 8 3 1 5 0 6 2 4 7
13 7 6 3 1 5 7 6 2 4 0
14 6 8 3 1 0 6 2 4 5 7
13 7 6 3 1 5 6 2 4 0 7
13 7 6 3 1 6 0 2 4 5 7
12 8 4 3 1 6 7 2 4 5 0
14 6 8 3 1 5 6 2 0 4 7
13 7 6 3 1 5 6 2 4 0 7
14 4 10 1 2 5 6 3 0 4 7
13 5 8 1 2 5 6 3 4 0 7
14 4 10 1 5 0 6 3 2 4 7
13 5 8 1 5 6 0 3 2 4 7
12 6 6 1 5 6 7 3 2 4 0
14 8 6 3 1 5 6 2 4 7 0
14 10 4 3 1 5 7 2 4 0 6
13 11 2 3 1 5 7 2 4 6 0
14 6 8 1 2 5 7 3 0 4 6
13 7 6 1 2 5 7 3 4 0 6
12 8 4 1 2 5 7 3 4 6 0
14 6 8 1 5 0 7 3 2 4 6
14 6 8 1 2 5 6 3 4 7 0
15 3 12 6 1 5 3 0 2 4 7
14 4 10 6 1 5 3 2 0 4 7
13 5 8 6 1 5 3 2 4 0 7
14 6 8 6 1 5 3 2 4 7 0
15 3 12 6 1 5 4 3 2 0 7
14 4 10 6 1 5 4 3 2 7 0
15 3 12 6 1 5 7 0 2 4 3
14 4 10 6 1 5 7 2 0 4 3
13 5 8 6 1 5 7 2 4 0 3
12 6 6 6 1 5 7 2 4 3 0
15 3 12 6 1 0 7 3 2 5 4
14 4 10 6 1 5 7 3 2 0 4
15 3 12 6 1 5 7 3 0 2 4
14 4 10 6 1 5 7 3 2 0 4
15 5 10 7 1 5 6 3 2 4 0
15 5 10 2 1 5 6 3 0 4 7
14 6 8 2 1 5 6 3 4 0 7
15 5 10 3 1 5 6 7 2 4 0
15 5 10 3 0 5 6 2 1 4 7
15 5 10 3 1 5 6 0 2 4 7
15 7 8 6 1 5 7 3 2 4 0
15 7 8 2 1 5 7 3 0 4 6
14 8 6 2 1 5 7 3 4 0 6
13 9 4 2 1 5 7 3 4 6 0
15 7 8 3 0 5 7 2 1 4 6
15 7 8 3 1 5 7 0 2 4 6
15 3 12 6 1 4 5 3 2 7 0
15 9 6 3 1 6 0 2 4 5 7
14 10 4 3 1 6 7 2 4 5 0
15 9 6 3 1 6 7 2 4 0 5
14 10 4 3 1 6 7 2 4 5 0
15 5 10 1 0 5 6 3 2 4 7
15 5 10 1 2 5 6 0 3 4 7
15 5 10 1 5 4 6 3 2 0 7
15 7 8 1 5 6 0 3 2 4 7
14 8 6 1 5 6 7 3 2 4 0
15 7 8 1 5 6 7 3 2 0 4
14 8 6 1 5 6 7 3 2 4 0
15 9 6 3 1 5 0 2 4 7 6
15 9 6 3 1 5 6 2 4 0 7
15 7 8 1 0 5 7 3 2 4 6
15 7 8 1 2 5 7 0 3 4 6
15 9 6 1 2 5 0 3 4 6 7
14 10 4 1 2 5 7 3 4 6 0
15 9 6 1 2 5 7 3 4 0 6
14 10 4 1 2 5 7 3 4 6 0
15 7 8 1 5 4 7 3 2 0 6
14 8 6 1 5 4 7 3 2 6 0
15 7 8 1 5 7 0 3 2 4 6
15 7 8 1 2 5 0 3 4 7 6
15 7 8 1 2 5 6 3 4 0 7
15 7 8 6 1 5 3 2 4 0 7
15 7 8 6 1 5 0 2 4 3 7
14 8 6 6 1 5 7 2 4 3 0
15 7 8 6 1 5 7 2 4 0 3
14 8 6 6 1 5 7 2 4 3 0
15 7 8 2 1 5 6 3 4 7 0
15 9 6 3 1 5 7 6 2 4 0
15 9 6 1 2 5 7 6 3 4 0
16 4 12 6 1 0 7 3 2 4 5
16 2 14 6 0 1 5 3 2 4 7
16 4 12 0 1 5 6 3 2 4 7
15 5 10 3 1 5 6 0 2 4 7
15 5 10 1 0 5 6 3 2 4 7
16 6 10 3 0 5 6 1 2 4 7
16 8 8 3 1 0 5 2 4 7 6
15 9 6 3 1 7 5 2 4 0 6
14 10 4 3 1 7 5 2 4 6 0
15 9 6 3 1 5 0 2 4 7 6
16 6 10 7 1 5 0 3 2 4 6
16 6 10 0 1 5 7 3 2 4 6
15 7 8 1 0 5 7 3 2 4 6
16 8 8 3 0 5 7 1 2 4 6
16 8 8 3 1 5 7 6 2 0 4
15 9 6 3 1 5 7 6 2 4 0
16 8 8 3 1 5 0 6 2 4 7
15 9 6 3 1 5 7 6 2 4 0
16 8 8 3 1 0 6 2 4 5 7
15 9 6 3 1 5 6 2 4 0 7
16 10 6 3 1 6 5 2 4 0 7
16 8 8 3 1 5 6 2 0 4 7
15 9 6 3 1 5 6 2 4 0 7
16 6 10 1 2 0 6 3 4 5 7
15 7 8 1 2 5 6 3 4 0 7
15 7 8 1 2 6 0 3 4 5 7
14 8 6 1 2 6 7 3 4 5 0
16 6 10 1 2 5 6 3 0 4 7
15 7 8 1 2 5 6 3 4 0 7
16 6 10 1 5 0 6 3 2 4 7
16 12 4 3 1 5 0 2 4 6 7
15 13 2 3 1 5 7 2 4 6 0
16 12 4 3 1 5 7 2 4 0 6
15 13 2 3 1 5 7 2 4 6 0
16 8 8 1 2 0 7 3 4 5 6
16 8 8 1 2 5 7 3 0 4 6
16 6 10 6 1 5 0 3 2 4 7
16 6 10 6 1 0 3 2 4 5 7
15 7 8 6 1 3 0 2 4 5 7
14 8 6 6 1 3 7 2 4 5 0
16 6 10 6 1 5 3 2 0 4 7
16 4 12 6 1 0 4 3 2 5 7
16 6 10 6 1 0 7 2 4 5 3
16 6 10 6 1 5 7 2 0 4 3
16 4 12 6 1 7 0 3 2 5 4
15 5 10 6 1 7 4 3 2 5 0
16 4 12 6 1 5 7 0 3 2 4
14 6 8 6 1 5 7 4 3 2 0
16 6 10 2 1 5 6 0 3 4 7
16 6 10 0 3 5 6 2 1 4 7
15 9 6 1 3 5 6 2 0 4 7
14 10 4 1 3 5 6 2 4 0 7
15 11 4 1 3 5 6 2 4 7 0
16 6 10 3 5 0 6 2 1 4 7
15 7 8 3 5 6 0 2 1 4 7
14 8 6 3 5 6 7 2 1 4 0
16 8 8 2 1 5 7 0 3 4 6
16 10 6 2 1 5 0 3 4 6 7
15 11 4 2 1 5 7 3 4 6 0
16 10 6 2 1 5 7 3 4 0 6
15 11 4 2 1 5 7 3 4 6 0
16 8 8 0 3 5 7 2 1 4 6
15 11 4 1 3 5 7 2 0 4 6
14 12 2 1 3 5 7 2 4 0 6
13 13 0 1 3 5 7 2 4 6 0