0 0 0 0 4 5 7 2 6 1 3
9 3 6 3 4 5 7 2 6 1 0
12 4 8 3 4 5 0 2 6 1 7
11 5 6 3 4 5 7 2 6 1 0
12 4 8 3 4 5 7 2 6 0 1
11 5 6 3 4 5 7 2 6 1 0
13 1 12 2 4 5 7 0 6 1 3
11 3 8 2 4 5 7 3 6 1 0
13 1 12 4 0 5 7 2 6 1 3
13 5 8 3 4 5 7 2 0 6 1
14 2 12 7 4 5 0 2 6 1 3
13 3 10 7 4 5 3 2 6 1 0
14 6 8 3 4 5 0 2 6 1 7
13 7 6 3 4 5 7 2 6 1 0
14 6 8 3 4 5 7 2 6 0 1
13 7 6 3 4 5 7 2 6 1 0
14 2 12 2 4 5 7 6 0 1 3
13 3 10 2 4 5 7 6 1 0 3
12 4 8 2 4 5 7 6 1 3 0
14 4 10 2 4 5 0 3 6 1 7
13 5 8 2 4 5 7 3 6 1 0
14 4 10 2 4 5 7 3 6 0 1
13 5 8 2 4 5 7 3 6 1 0
14 2 12 4 6 5 7 2 0 1 3
13 3 10 4 6 5 7 2 1 0 3
12 4 8 4 6 5 7 2 1 3 0
14 2 12 4 5 0 7 2 6 1 3
13 3 10 4 5 1 7 2 6 0 3
12 4 8 4 5 1 7 2 6 3 0
14 6 8 3 0 5 7 2 4 6 1
14 4 10 4 5 1 7 2 0 6 3
15 3 12 6 4 5 7 2 0 1 3
14 4 10 6 4 5 7 2 1 0 3
13 5 8 6 4 5 7 2 1 3 0
15 5 10 3 4 0 5 2 6 1 7
14 6 8 3 4 1 5 2 6 0 7
15 7 8 3 4 5 1 2 6 0 7
15 5 10 3 4 0 7 2 6 5 1
15 7 8 3 4 5 7 2 0 6 1
15 3 12 2 0 5 7 6 4 1 3
15 5 10 2 4 5 0 6 1 3 7
14 6 8 2 4 5 7 6 1 3 0
15 5 10 2 4 5 7 6 1 0 3
14 6 8 2 4 5 7 6 1 3 0
15 5 10 2 4 5 7 3 0 6 1
15 3 12 4 0 5 7 2 6 1 3
15 5 10 4 6 5 0 2 1 3 7
14 6 8 4 6 5 7 2 1 3 0
15 5 10 4 6 5 7 2 1 0 3
14 6 8 4 6 5 7 2 1 3 0
15 3 12 4 5 7 0 2 6 1 3
14 4 10 4 5 7 3 2 6 1 0
15 5 10 4 5 1 0 2 6 3 7
14 6 8 4 5 1 7 2 6 3 0
15 5 10 4 5 1 7 2 6 0 3
14 6 8 4 5 1 7 2 6 3 0
15 7 8 0 3 5 7 2 4 6 1
10 10 0 1 3 5 7 2 4 6 0