0 0 0 0 4 5 7 2 6 1 3
0 0 6 3 4 5 7 2 6 1 0
0 0 8 3 4 5 0 2 6 1 7
0 0 6 3 4 5 7 2 6 1 0
0 0 8 3 4 5 7 2 6 0 1
0 0 6 3 4 5 7 2 6 1 0
0 0 8 3 4 5 1 2 6 0 7
0 0 8 3 4 5 0 2 6 1 7
0 0 6 3 4 5 7 2 6 1 0
0 0 8 3 4 5 7 2 0 6 1
0 0 8 3 4 5 7 2 6 0 1
0 0 6 3 4 5 7 2 6 1 0
0 0 8 3 4 5 1 2 0 6 7
0 0 8 3 4 5 1 2 6 7 0
0 0 8 3 4 5 1 2 6 0 7
0 0 8 3 4 5 0 2 6 1 7
0 0 6 3 4 5 7 2 6 1 0
0 0 8 3 0 5 7 2 4 6 1
0 0 8 3 4 5 7 2 0 6 1
0 0 8 3 4 5 7 2 6 0 1
0 0 6 3 4 5 7 2 6 1 0
0 0 8 3 0 5 1 2 4 6 7
0 0 8 3 4 5 1 2 0 6 7
0 0 8 3 4 5 1 2 6 7 0
0 0 8 3 4 5 1 2 6 0 7
0 0 8 3 4 5 0 2 6 1 7
0 0 6 3 4 5 7 2 6 1 0
0 0 8 0 3 5 7 2 4 6 1
0 0 0 1 3 5 7 2 4 6 0