0 0 0 7 1 6 5 0 2 4 3
12 2 10 7 1 6 5 3 2 4 0
13 1 12 7 1 6 5 2 0 4 3
12 2 10 7 1 6 5 2 4 0 3
11 3 8 7 1 6 5 2 4 3 0
13 3 10 7 1 0 5 2 4 6 3
12 4 8 7 1 5 0 2 4 6 3
11 5 6 7 1 5 3 2 4 6 0
14 4 10 7 1 6 0 2 4 3 5
13 5 8 7 1 6 5 2 4 3 0
14 4 10 7 1 6 5 2 4 0 3
13 5 8 7 1 6 5 2 4 3 0
14 6 8 0 1 5 7 2 4 6 3
11 9 2 3 1 5 7 2 4 6 0
13 7 6 1 0 5 7 2 4 6 3
14 6 8 7 1 5 0 2 4 6 3
13 7 6 7 1 5 3 2 4 6 0
14 6 8 7 1 5 3 2 4 0 6
13 7 6 7 1 5 3 2 4 6 0
14 10 4 3 1 5 0 2 4 6 7
13 11 2 3 1 5 7 2 4 6 0
14 10 4 3 1 5 7 2 4 0 6
13 11 2 3 1 5 7 2 4 6 0
14 8 6 1 4 5 7 2 0 6 3
14 8 6 1 5 0 7 2 4 6 3
15 3 12 7 1 6 0 5 2 4 3
14 4 10 7 1 6 3 5 2 4 0
15 3 12 7 1 6 0 3 2 4 5
14 4 10 7 1 6 5 3 2 4 0
15 3 12 7 1 6 5 3 2 0 4
14 4 10 7 1 6 5 3 2 4 0
15 3 12 7 1 6 5 2 0 4 3
15 5 10 7 1 0 5 2 4 6 3
15 7 8 2 1 5 7 0 4 6 3
13 9 4 2 1 5 7 3 4 6 0
15 9 6 1 0 5 7 2 4 6 3
15 9 6 1 4 5 7 2 6 0 3
14 10 4 1 4 5 7 2 6 3 0
15 9 6 1 5 6 7 2 4 0 3
14 10 4 1 5 6 7 2 4 3 0
15 9 6 1 5 7 0 2 4 6 3
14 10 4 1 5 7 3 2 4 6 0
15 5 10 7 1 6 3 5 2 0 4
16 2 14 7 0 6 5 2 1 4 3
15 3 12 7 1 6 5 2 0 4 3
16 6 10 7 1 0 5 2 4 3 6
15 7 8 7 1 3 5 2 4 0 6
14 8 6 7 1 3 5 2 4 6 0
15 7 8 7 1 5 0 2 4 3 6
16 6 10 0 1 6 5 2 4 3 7
15 7 8 1 0 6 5 2 4 3 7
16 4 12 7 0 1 5 2 4 6 3
16 8 8 0 1 5 3 2 4 6 7
15 9 6 1 0 5 3 2 4 6 7
16 6 10 0 1 6 7 2 4 3 5
15 7 8 1 0 6 7 2 4 3 5
15 9 6 5 1 6 7 2 4 3 0
16 6 10 7 1 6 0 2 4 3 5
16 6 10 7 1 6 5 2 4 0 3
16 8 8 7 1 5 0 2 4 6 3
16 8 8 7 1 5 3 2 4 0 6
16 12 4 3 1 5 0 2 4 6 7
15 13 2 3 1 5 7 2 4 6 0
16 12 4 3 1 5 7 2 4 0 6
15 13 2 3 1 5 7 2 4 6 0
16 6 10 7 1 6 4 5 2 0 3
15 7 8 7 1 6 4 5 2 3 0
16 4 12 7 1 0 5 3 2 6 4
15 5 10 7 1 5 0 3 2 6 4
16 8 8 2 1 5 7 4 0 6 3
16 10 6 2 1 5 0 3 4 6 7
15 11 4 2 1 5 7 3 4 6 0
16 10 6 2 1 5 7 3 4 0 6
15 11 4 2 1 5 7 3 4 6 0
16 10 6 1 4 5 7 2 0 6 3
16 10 6 1 5 0 7 2 4 6 3
16 6 10 7 1 0 3 5 2 6 4
15 7 8 7 1 3 0 5 2 6 4
14 8 6 7 1 3 4 5 2 6 0
16 6 10 7 1 6 3 5 2 4 0
16 8 8 7 1 5 6 2 4 3 0
16 8 8 5 1 6 0 2 4 3 7
15 9 6 5 1 6 7 2 4 3 0
16 8 8 1 4 6 5 2 0 3 7
15 9 6 1 4 6 5 2 3 0 7
16 8 8 1 6 0 5 2 4 3 7
15 9 6 1 6 3 5 2 4 0 7
15 9 6 1 6 5 0 2 4 3 7
14 10 4 1 6 5 7 2 4 3 0
16 10 6 1 4 5 3 2 0 6 7
16 8 8 1 4 6 7 2 0 3 5
15 9 6 1 4 6 7 2 3 0 5
14 10 4 1 4 6 7 2 3 5 0
16 8 8 1 6 0 7 2 4 3 5
15 9 6 1 6 3 7 2 4 0 5
14 10 4 1 6 3 7 2 4 5 0
16 6 10 7 1 5 4 3 2 6 0
16 10 6 1 4 0 5 2 3 6 7
15 11 4 1 4 5 0 2 3 6 7
14 12 2 1 4 5 7 2 3 6 0
16 10 6 1 4 6 5 2 3 7 0
16 10 6 1 6 3 5 2 4 7 0
16 10 6 1 4 0 7 2 3 6 5
17 1 16 0 1 6 5 7 2 4 3
14 4 10 3 1 6 5 7 2 4 0
15 3 12 5 1 6 0 7 2 4 3
14 4 10 5 1 6 3 7 2 4 0
15 5 10 5 1 6 3 7 2 0 4
16 2 14 1 0 6 5 7 2 4 3
16 6 10 3 1 6 5 0 2 4 7
15 7 8 3 1 6 5 2 0 4 7
14 8 6 3 1 6 5 2 4 0 7
15 9 6 3 1 6 5 2 4 7 0
16 6 10 5 1 6 4 7 2 0 3
15 7 8 5 1 6 4 7 2 3 0
16 6 10 5 1 0 3 7 2 6 4
15 7 8 5 1 3 0 7 2 6 4
14 8 6 5 1 3 4 7 2 6 0
16 6 10 5 1 6 3 7 2 4 0
16 10 6 3 1 6 5 2 4 0 7
17 3 14 7 0 6 5 1 2 4 3
17 5 12 7 1 0 5 3 2 4 6
16 6 10 7 1 5 0 3 2 4 6
17 5 12 0 1 6 5 3 2 4 7
16 6 10 1 0 6 5 3 2 4 7
17 7 10 7 1 5 6 2 4 0 3
16 8 8 7 1 5 6 2 4 3 0
17 5 12 7 1 0 6 2 4 3 5
16 6 10 7 1 3 6 2 4 0 5
15 7 8 7 1 3 6 2 4 5 0
16 6 10 7 1 6 0 2 4 3 5
16 8 8 7 1 3 0 2 4 5 6
17 7 10 7 1 6 3 2 4 0 5
16 8 8 7 1 6 3 2 4 5 0
17 9 8 4 1 5 7 2 0 6 3
17 7 10 7 1 0 3 2 4 5 6
16 8 8 7 1 5 3 2 4 0 6
16 8 8 7 1 3 0 2 4 5 6
17 7 10 7 1 5 3 2 0 4 6
16 8 8 7 1 5 3 2 4 0 6
17 11 6 3 1 0 5 2 4 6 7
17 11 6 3 1 0 7 2 4 5 6
17 11 6 3 1 5 7 2 0 4 6
17 9 8 1 4 5 7 0 2 6 3
15 11 4 1 4 5 7 3 2 6 0
16 10 6 1 4 5 7 2 0 6 3
17 5 12 7 1 6 0 5 2 4 3
16 6 10 7 1 6 3 5 2 4 0
17 5 12 0 1 6 7 3 2 4 5
16 6 10 3 1 6 7 0 2 4 5
15 7 8 3 1 6 7 2 0 4 5
14 8 6 3 1 6 7 2 4 0 5
13 9 4 3 1 6 7 2 4 5 0
16 6 10 1 0 6 7 3 2 4 5
16 8 8 5 1 6 7 3 2 4 0
16 8 8 3 1 6 7 5 2 4 0
16 10 6 3 1 6 0 2 4 5 7
15 11 4 3 1 6 7 2 4 5 0
16 10 6 3 1 6 7 2 4 0 5
15 11 4 3 1 6 7 2 4 5 0
17 5 12 7 1 6 0 3 2 4 5
17 5 12 7 1 6 5 3 2 0 4
17 11 6 1 4 5 0 2 6 3 7
16 12 4 1 4 5 7 2 6 3 0
17 11 6 1 4 5 7 2 6 0 3
16 12 4 1 4 5 7 2 6 3 0
17 11 6 1 5 6 0 2 4 3 7
16 12 4 1 5 6 7 2 4 3 0
17 11 6 1 5 6 7 2 4 0 3
16 12 4 1 5 6 7 2 4 3 0
17 11 6 1 5 7 0 2 4 6 3
16 12 4 1 5 7 3 2 4 6 0
17 11 6 1 5 7 3 2 4 0 6
16 12 4 1 5 7 3 2 4 6 0
17 3 14 0 7 6 5 2 1 4 3
14 6 8 3 7 6 5 2 1 4 0
16 6 10 1 7 6 5 2 0 4 3
15 7 8 1 7 6 5 2 4 0 3
14 8 6 1 7 6 5 2 4 3 0
16 8 8 1 7 0 5 2 4 6 3
15 9 6 1 7 5 0 2 4 6 3
14 10 4 1 7 5 3 2 4 6 0
17 3 14 7 6 0 5 2 1 4 3
16 4 12 7 6 5 0 2 1 4 3
15 5 10 7 6 5 3 2 1 4 0
17 9 8 7 1 3 0 2 4 6 5
16 10 6 7 1 3 5 2 4 6 0
17 9 8 7 1 3 5 2 4 0 6
16 10 6 7 1 3 5 2 4 6 0
17 9 8 0 1 5 7 2 4 3 6
16 10 6 1 0 5 7 2 4 3 6
17 7 10 2 1 6 5 0 4 3 7
17 9 8 7 1 6 5 2 4 3 0
17 5 12 7 4 1 5 2 0 6 3
17 5 12 0 7 1 5 2 4 6 3
14 8 6 3 7 1 5 2 4 6 0
17 9 8 2 1 5 3 0 4 6 7
17 11 6 7 1 5 3 2 4 6 0
17 7 10 2 1 6 7 0 4 3 5
17 7 10 7 1 0 4 5 2 6 3
17 7 10 0 1 5 7 3 2 6 4
16 8 8 3 1 5 7 0 2 6 4
14 10 4 3 1 5 7 4 2 6 0
15 9 6 3 1 5 7 2 0 6 4
16 8 8 1 0 5 7 3 2 6 4
16 10 6 4 1 5 7 3 2 6 0
16 10 6 3 1 5 7 2 6 0 4
15 11 4 3 1 5 7 2 6 4 0
17 9 8 2 1 5 7 4 6 0 3
16 10 6 2 1 5 7 4 6 3 0
17 11 6 1 0 5 7 2 4 6 3
17 7 10 7 1 6 3 5 2 0 4
17 9 8 7 1 3 0 5 2 6 4
16 10 6 7 1 3 4 5 2 6 0
17 9 8 7 1 3 4 5 2 0 6
16 10 6 7 1 3 4 5 2 6 0
17 9 8 7 1 5 0 2 4 3 6
17 9 8 1 0 6 5 2 4 3 7
17 11 6 1 6 5 0 2 4 3 7
16 12 4 1 6 5 7 2 4 3 0
17 11 6 1 6 5 7 2 4 0 3
16 12 4 1 6 5 7 2 4 3 0
17 11 6 1 0 5 3 2 4 6 7
17 11 6 1 4 5 3 2 6 0 7
17 9 8 1 0 6 7 2 4 3 5
17 11 6 1 4 6 0 2 3 5 7
16 12 4 1 4 6 7 2 3 5 0
17 11 6 1 4 6 7 2 3 0 5
16 12 4 1 4 6 7 2 3 5 0
17 9 8 1 6 7 0 2 4 3 5
16 10 6 1 6 7 5 2 4 3 0
17 11 6 1 6 3 0 2 4 5 7
16 12 4 1 6 3 7 2 4 5 0
17 11 6 1 6 3 7 2 4 0 5
16 12 4 1 6 3 7 2 4 5 0
17 7 10 7 1 5 0 3 2 6 4
17 11 6 1 4 6 5 2 3 0 7
17 13 4 1 4 5 0 2 3 6 7
16 14 2 1 4 5 7 2 3 6 0
17 13 4 1 4 5 7 2 3 0 6
16 14 2 1 4 5 7 2 3 6 0
17 11 6 1 6 3 5 2 4 0 7
17 11 6 1 4 7 0 2 3 6 5
16 12 4 1 4 7 5 2 3 6 0
17 5 12 3 1 6 0 7 2 4 5
17 5 12 3 1 6 5 7 2 0 4
17 5 12 5 1 6 0 7 2 4 3
16 6 10 5 1 6 3 7 2 4 0
17 3 14 1 2 6 5 7 0 4 3
16 4 12 1 2 6 5 7 4 0 3
15 5 10 1 2 6 5 7 4 3 0
17 3 14 1 6 0 5 7 2 4 3
16 4 12 1 6 4 5 7 2 0 3
15 5 10 1 6 4 5 7 2 3 0
16 4 12 1 6 5 0 7 2 4 3
15 5 10 1 6 5 3 7 2 4 0
16 6 10 1 6 4 0 7 2 3 5
16 6 10 1 6 5 3 7 2 0 4
17 9 8 3 1 6 5 2 0 4 7
17 7 10 5 1 0 4 7 2 6 3
17 7 10 5 1 6 3 7 2 0 4
17 9 8 5 1 3 0 7 2 6 4
16 10 6 5 1 3 4 7 2 6 0
17 9 8 5 1 3 4 7 2 0 6
16 10 6 5 1 3 4 7 2 6 0
17 11 6 3 1 6 5 2 4 7 0
17 7 10 7 1 5 6 3 2 4 0
17 7 10 5 1 6 0 3 2 4 7
16 8 8 5 1 6 7 3 2 4 0
17 7 10 1 2 6 5 3 0 4 7
16 8 8 1 2 6 5 3 4 0 7
17 7 10 1 6 0 5 3 2 4 7
16 8 8 1 6 5 0 3 2 4 7
15 9 6 1 6 5 7 3 2 4 0
17 9 8 7 1 3 6 2 4 5 0
17 9 8 3 1 6 7 2 0 4 5
17 7 10 1 2 6 7 3 0 4 5
16 8 8 1 2 6 7 3 4 0 5
15 9 6 1 2 6 7 3 4 5 0
17 7 10 1 6 0 7 3 2 4 5
17 5 12 5 7 6 0 2 1 4 3
16 6 10 5 7 6 3 2 1 4 0
17 7 10 3 7 6 0 2 1 4 5
16 8 8 3 7 6 5 2 1 4 0
17 7 10 3 7 6 5 2 1 0 4
16 8 8 3 7 6 5 2 1 4 0
17 9 8 1 7 6 0 2 4 3 5
16 10 6 1 7 6 5 2 4 3 0
17 9 8 1 7 6 5 2 4 0 3
16 10 6 1 7 6 5 2 4 3 0
17 9 8 1 0 7 5 2 4 6 3
17 11 6 1 7 5 0 2 4 6 3
16 12 4 1 7 5 3 2 4 6 0
17 11 6 1 7 5 3 2 4 0 6
16 12 4 1 7 5 3 2 4 6 0
17 11 6 1 4 5 7 2 0 3 6
17 7 10 5 7 1 0 2 4 6 3
16 8 8 5 7 1 3 2 4 6 0
17 9 8 3 7 1 0 2 4 6 5
16 10 6 3 7 1 5 2 4 6 0
17 9 8 3 7 1 5 2 4 0 6
16 10 6 3 7 1 5 2 4 6 0
17 9 8 2 1 6 7 5 4 3 0
17 11 6 3 1 5 0 4 2 6 7
16 12 4 3 1 5 7 4 2 6 0
17 11 6 3 1 5 7 4 2 0 6
16 12 4 3 1 5 7 4 2 6 0
17 9 8 1 2 5 7 3 0 6 4
17 9 8 1 5 0 7 3 2 6 4
17 11 6 3 1 5 7 2 0 6 4
17 5 12 1 2 0 5 7 4 6 3
16 6 10 1 2 5 0 7 4 6 3
15 7 8 1 2 5 3 7 4 6 0
17 7 10 1 2 6 5 0 4 3 7
17 7 10 1 6 5 7 0 2 4 3
15 9 6 1 6 5 7 3 2 4 0
17 7 10 1 6 5 4 7 2 0 3
16 8 8 1 6 5 4 7 2 3 0
17 7 10 1 6 5 3 0 2 4 7
16 8 8 1 6 5 3 2 0 4 7
17 7 10 1 6 4 5 7 2 3 0
17 7 10 1 6 0 4 7 2 3 5
16 8 8 1 6 3 4 7 2 0 5
15 9 6 1 6 3 4 7 2 5 0
17 7 10 1 6 0 3 7 2 5 4
17 7 10 1 6 5 3 7 2 4 0
17 9 8 1 2 0 5 3 4 6 7
16 10 6 1 2 5 0 3 4 6 7
15 11 4 1 2 5 7 3 4 6 0
17 9 8 1 2 6 5 3 4 7 0
17 9 8 1 2 0 7 3 4 6 5
17 9 8 1 2 5 7 0 4 6 3
15 11 4 1 2 5 7 3 4 6 0
17 9 8 1 2 5 3 0 4 6 7
17 9 8 1 0 5 3 2 6 4 7
18 4 14 7 1 6 5 0 2 4 3
18 8 10 7 1 0 3 2 4 6 5
18 12 6 3 1 0 7 2 4 6 5
18 4 14 7 1 0 6 5 2 4 3
17 5 12 7 1 4 6 5 2 0 3
16 6 10 7 1 4 6 5 2 3 0
17 7 10 7 1 4 0 5 2 3 6
18 4 14 7 1 0 6 3 2 4 5
17 5 12 7 1 6 0 3 2 4 5
18 4 14 7 1 6 5 3 0 2 4
17 5 12 7 1 6 5 3 2 0 4
18 10 8 2 0 5 7 1 4 6 3
18 10 8 1 4 0 7 2 6 5 3
18 10 8 1 5 6 7 2 0 4 3
18 6 12 7 1 6 3 5 0 2 4
17 7 10 7 1 6 3 5 2 0 4
18 4 14 7 0 6 5 2 1 4 3
18 8 10 7 1 0 5 2 4 3 6
17 9 8 7 1 5 0 2 4 3 6
18 8 10 7 1 3 5 2 0 4 6
18 8 10 0 1 6 5 2 4 3 7
18 10 8 0 1 5 3 2 4 6 7
18 8 10 0 1 6 7 2 4 3 5
17 9 8 1 0 6 7 2 4 3 5
17 11 6 5 1 6 7 2 4 3 0
18 10 8 5 1 6 7 2 4 0 3
17 11 6 5 1 6 7 2 4 3 0
18 14 4 3 1 5 0 2 4 6 7
17 15 2 3 1 5 7 2 4 6 0
18 14 4 3 1 5 7 2 4 0 6
17 15 2 3 1 5 7 2 4 6 0
18 8 10 7 1 6 0 5 2 3 4
17 9 8 7 1 6 4 5 2 3 0
18 8 10 7 1 6 4 5 2 0 3
17 9 8 7 1 6 4 5 2 3 0
18 6 12 7 1 0 5 3 2 6 4
17 7 10 7 1 5 0 3 2 6 4
18 12 6 2 1 5 0 3 4 6 7
17 13 4 2 1 5 7 3 4 6 0
18 12 6 2 1 5 7 3 4 0 6
17 13 4 2 1 5 7 3 4 6 0
18 8 10 7 1 0 3 5 2 6 4
18 10 8 5 1 6 0 2 4 3 7
17 11 6 5 1 6 7 2 4 3 0
18 10 8 1 4 6 5 2 0 3 7
17 11 6 1 4 6 5 2 3 0 7
18 10 8 1 6 0 5 2 4 3 7
17 11 6 1 6 3 5 2 4 0 7
18 10 8 1 6 3 5 2 0 4 7
17 11 6 1 6 3 5 2 4 0 7
18 12 6 1 6 5 3 2 4 0 7
18 10 8 1 4 6 7 2 0 3 5
18 10 8 1 6 0 7 2 4 3 5
18 10 8 1 6 3 7 2 0 4 5
18 12 6 1 4 0 5 2 3 6 7
18 4 14 2 1 6 5 7 0 4 3
17 5 12 2 1 6 5 7 4 0 3
18 4 14 5 1 0 6 7 2 4 3
17 5 12 5 1 4 6 7 2 0 3
16 6 10 5 1 4 6 7 2 3 0
17 7 10 5 1 4 0 7 2 3 6
18 6 12 5 1 6 7 0 2 4 3
16 8 8 5 1 6 7 3 2 4 0
18 6 12 5 1 6 3 0 2 4 7
17 7 10 5 1 6 3 2 0 4 7
18 6 12 5 1 6 3 7 0 2 4
17 7 10 5 1 6 3 7 2 0 4
18 8 10 3 1 6 5 7 2 4 0
18 8 10 3 0 6 5 2 1 4 7
17 9 8 3 1 6 5 2 0 4 7
18 8 10 3 1 6 5 0 2 4 7
17 9 8 3 1 6 5 2 0 4 7
18 10 8 3 1 6 0 2 4 7 5
17 11 6 3 1 6 5 2 4 7 0
18 8 10 5 1 6 0 7 2 3 4
17 9 8 5 1 6 4 7 2 3 0
18 8 10 5 1 6 4 7 2 0 3
17 9 8 5 1 6 4 7 2 3 0
18 8 10 5 1 0 3 7 2 6 4
18 10 8 5 1 3 4 0 2 6 7
18 4 14 7 2 6 5 1 0 4 3
17 5 12 7 2 6 5 1 4 0 3
16 6 10 7 2 6 5 1 4 3 0
18 4 14 0 7 6 5 1 2 4 3
15 7 8 3 7 6 5 1 2 4 0
18 4 14 7 6 0 5 1 2 4 3
17 5 12 7 6 5 0 1 2 4 3
16 6 10 7 6 5 3 1 2 4 0
18 6 12 7 1 4 5 3 2 0 6
17 7 10 7 1 4 5 3 2 6 0
18 8 10 0 1 5 7 3 2 4 6
17 9 8 1 0 5 7 3 2 4 6
18 8 10 7 1 6 5 3 2 4 0
18 8 10 2 1 6 5 3 0 4 7
17 9 8 2 1 6 5 3 4 0 7
18 8 10 7 1 3 6 2 4 0 5
17 9 8 7 1 3 6 2 4 5 0
18 10 8 0 1 3 7 2 4 5 6
17 11 6 1 0 3 7 2 4 5 6
16 12 4 1 3 0 7 2 4 5 6
15 13 2 1 3 5 7 2 4 0 6
14 14 0 1 3 5 7 2 4 6 0