0 0 0 7 3 6 5 1 4 2 0
11 1 10 7 3 6 0 1 4 2 5
10 2 8 7 3 6 5 1 4 2 0
11 1 10 7 3 6 5 1 4 0 2
10 2 8 7 3 6 5 1 4 2 0
12 2 10 7 3 0 5 1 4 6 2
11 3 8 7 3 5 0 1 4 6 2
12 4 8 7 3 5 2 1 4 6 0
13 3 10 7 3 0 5 1 4 2 6
12 4 8 7 3 5 0 1 4 2 6
13 3 10 0 3 6 5 1 4 2 7
12 4 8 1 3 6 5 0 4 2 7
13 3 10 0 3 6 7 1 4 2 5
12 4 8 1 3 6 7 0 4 2 5
12 6 6 5 3 6 7 1 4 2 0
12 6 6 1 3 6 7 5 4 2 0
13 3 10 7 3 6 0 1 4 2 5
13 3 10 7 3 6 5 1 4 0 2
13 5 8 0 3 5 7 1 4 6 2
10 8 2 2 3 5 7 1 4 6 0
12 6 6 1 3 5 7 0 4 6 2
8 8 0 1 3 5 7 2 4 6 0