0 0 0 6 3 0 5 4 2 1 7
11 1 10 6 3 1 5 4 2 0 7
11 1 10 6 3 5 0 4 2 1 7
10 2 8 6 3 5 7 4 2 1 0
12 2 10 6 3 1 5 4 2 7 0
13 3 10 6 3 5 0 4 2 1 7
12 4 8 6 3 5 7 4 2 1 0
13 3 10 6 3 5 7 4 2 0 1
12 4 8 6 3 5 7 4 2 1 0
13 3 10 6 3 1 5 4 2 0 7
14 2 12 6 3 0 5 4 2 1 7
13 3 10 6 3 1 5 4 2 0 7
14 2 12 6 3 1 5 4 0 2 7
13 3 10 6 3 1 5 4 2 0 7
14 4 10 6 3 5 1 4 2 0 7
14 4 10 6 3 1 5 4 2 7 0
15 1 14 6 0 3 5 4 2 1 7
15 3 12 0 3 5 6 4 2 1 7
15 5 10 0 3 5 7 4 2 1 6
15 3 12 6 3 1 0 4 2 7 5
14 4 10 6 3 1 5 4 2 7 0
15 5 10 6 3 5 0 4 2 1 7
15 5 10 6 3 5 7 4 2 0 1
15 3 12 6 3 1 5 0 4 2 7
15 5 10 6 3 5 1 4 2 7 0
15 5 10 6 3 1 5 4 2 0 7
16 4 12 6 3 5 7 0 2 1 4
15 5 10 6 3 5 7 2 0 1 4
14 6 8 6 3 5 7 2 1 0 4
13 7 6 6 3 5 7 2 1 4 0
16 4 12 6 3 0 7 4 2 5 1
15 5 10 6 3 5 7 4 2 0 1
16 4 12 6 3 5 7 4 0 2 1
15 5 10 6 3 5 7 4 2 0 1
16 4 12 6 3 0 5 4 2 1 7
15 5 10 6 3 1 5 4 2 0 7
15 5 10 6 3 5 0 4 2 1 7
16 4 12 6 3 1 5 4 0 2 7
15 5 10 6 3 1 5 4 2 0 7
16 2 14 6 2 3 5 4 0 1 7
15 3 12 6 2 3 5 4 1 0 7
16 2 14 0 6 3 5 4 2 1 7
16 4 12 4 3 5 6 0 2 1 7
15 5 10 4 3 5 6 2 0 1 7
14 6 8 4 3 5 6 2 1 0 7
15 7 8 4 3 5 6 2 1 7 0
16 4 12 3 0 5 6 4 2 1 7
16 6 10 7 3 5 6 4 2 1 0
16 6 10 2 3 5 6 4 0 1 7
15 7 8 2 3 5 6 4 1 0 7
16 6 10 4 3 5 7 0 2 1 6
15 7 8 4 3 5 7 2 0 1 6
14 8 6 4 3 5 7 2 1 0 6
13 9 4 4 3 5 7 2 1 6 0
16 6 10 3 0 5 7 4 2 1 6
16 8 8 6 3 5 7 4 2 1 0
16 8 8 2 3 5 7 4 0 1 6
15 9 6 2 3 5 7 4 1 0 6
14 10 4 2 3 5 7 4 1 6 0
16 6 10 6 3 1 7 4 2 0 5
15 7 8 6 3 1 7 4 2 5 0
16 4 12 0 3 1 5 6 4 2 7
16 6 10 6 3 1 5 4 2 7 0
16 8 8 6 3 5 0 2 1 4 7
15 9 6 6 3 5 7 2 1 4 0
16 8 8 6 3 5 7 2 1 0 4
15 9 6 6 3 5 7 2 1 4 0
16 4 12 6 2 3 5 4 1 7 0
16 4 12 5 6 3 0 4 2 1 7
15 5 10 5 6 3 7 4 2 1 0
16 8 8 4 3 5 0 2 1 7 6
16 8 8 4 3 5 6 2 1 0 7
16 8 8 2 3 5 6 4 1 7 0
16 8 8 4 3 5 7 6 2 1 0
16 10 6 4 3 5 0 2 1 6 7
15 11 4 4 3 5 7 2 1 6 0
16 10 6 4 3 5 7 2 1 0 6
15 11 4 4 3 5 7 2 1 6 0
16 6 10 5 3 1 0 6 4 2 7
15 7 8 5 3 1 7 6 4 2 0
17 5 12 6 3 0 7 4 2 1 5
17 5 12 0 3 1 5 4 2 7 6
17 3 14 6 0 1 5 4 3 2 7
16 4 12 6 1 0 5 4 3 2 7
15 5 10 6 1 5 0 4 3 2 7
14 6 8 6 1 5 7 4 3 2 0
17 5 12 6 3 0 1 4 2 5 7
17 5 12 6 3 5 1 4 0 2 7
17 7 10 7 3 5 0 4 2 1 6
17 5 12 6 3 1 0 4 2 7 5
17 5 12 6 3 1 5 7 4 2 0
17 5 12 0 3 5 7 6 2 1 4
16 8 8 4 3 5 7 6 2 1 0
17 7 10 6 3 0 7 2 1 5 4
17 7 10 6 3 5 7 2 0 1 4
17 5 12 6 3 7 0 4 2 5 1
16 6 10 6 3 7 1 4 2 5 0
17 5 12 6 3 5 7 0 4 2 1
13 7 6 6 3 5 7 1 4 2 0
16 8 8 6 3 5 0 1 4 2 7
15 9 6 6 3 5 7 1 4 2 0
16 8 8 6 3 5 7 1 4 0 2
15 9 6 6 3 5 7 1 4 2 0
17 5 12 6 3 1 5 0 4 2 7
17 3 14 6 2 3 5 0 4 1 7
16 6 10 6 2 3 0 5 4 1 7
17 3 14 4 6 3 5 0 2 1 7
16 4 12 4 6 3 5 2 0 1 7
15 5 10 4 6 3 5 2 1 0 7
16 6 10 4 6 3 0 5 2 1 7
16 6 10 4 6 3 5 2 1 7 0
17 5 12 7 6 3 5 4 2 1 0
17 5 12 2 6 3 5 4 0 1 7
16 6 10 2 6 3 5 4 1 0 7
17 7 10 4 3 5 0 6 2 1 7
16 8 8 4 3 5 7 6 2 1 0
17 7 10 4 3 0 6 2 1 5 7
16 8 8 4 3 6 0 2 1 5 7
15 9 6 4 3 6 7 2 1 5 0
17 7 10 4 3 5 6 2 0 1 7
17 5 12 3 2 5 6 4 0 1 7
16 6 10 3 2 5 6 4 1 0 7
17 5 12 3 5 0 6 4 2 1 7
16 6 10 3 5 1 6 4 2 0 7
16 6 10 3 5 6 0 4 2 1 7
15 7 8 3 5 6 7 4 2 1 0
17 7 10 2 3 5 6 0 4 1 7
17 7 10 0 3 5 7 4 2 1 6
17 9 8 4 3 0 7 2 1 5 6
17 9 8 4 3 5 7 2 0 1 6
17 7 10 3 2 5 7 4 0 1 6
16 8 8 3 2 5 7 4 1 0 6
15 9 6 3 2 5 7 4 1 6 0
17 7 10 3 5 0 7 4 2 1 6
16 8 8 3 5 1 7 4 2 0 6
15 9 6 3 5 1 7 4 2 6 0
17 9 8 2 3 5 7 0 4 1 6
17 11 6 2 3 5 0 4 1 6 7
16 12 4 2 3 5 7 4 1 6 0
17 11 6 2 3 5 7 4 1 0 6
16 12 4 2 3 5 7 4 1 6 0
17 5 12 3 0 1 5 6 4 2 7
16 6 10 3 1 0 5 6 4 2 7
15 7 8 3 1 5 0 6 4 2 7
14 8 6 3 1 5 7 6 4 2 0
17 7 10 7 3 1 5 6 4 2 0
17 7 10 6 3 1 5 4 2 0 7
17 5 12 6 2 3 0 4 1 7 5
17 5 12 6 2 3 5 4 1 0 7
17 7 10 5 6 3 4 0 2 1 7
17 9 8 4 3 5 6 2 1 7 0
17 9 8 2 3 5 0 4 1 7 6
17 9 8 2 3 5 6 4 1 0 7
17 7 10 5 3 1 0 4 2 7 6
17 5 12 6 1 2 5 4 3 0 7
17 7 10 6 1 5 0 4 3 2 7
16 8 8 6 1 5 7 4 3 2 0
17 7 10 6 1 5 7 4 3 0 2
16 8 8 6 1 5 7 4 3 2 0
17 7 10 6 2 3 7 5 4 1 0
17 5 12 4 0 3 5 2 6 1 7
16 6 10 4 3 0 5 2 6 1 7
15 7 8 4 3 1 5 2 6 0 7
15 7 8 4 3 5 0 2 6 1 7
14 8 6 4 3 5 7 2 6 1 0
16 8 8 4 3 1 5 2 0 6 7
16 8 8 4 3 1 5 2 6 7 0
17 7 10 4 6 3 7 5 2 1 0
17 7 10 4 6 3 5 2 1 0 7
17 7 10 2 6 3 5 4 1 7 0
17 7 10 3 2 5 6 4 1 7 0
17 7 10 3 5 1 6 4 2 7 0
17 11 6 2 3 5 7 6 4 1 0
17 7 10 3 1 2 5 6 4 0 7
17 9 8 3 1 5 0 6 4 2 7
16 10 6 3 1 5 7 6 4 2 0
17 9 8 3 1 5 7 6 4 0 2
16 10 6 3 1 5 7 6 4 2 0
17 9 8 5 6 3 4 7 2 1 0
17 9 8 4 3 5 0 2 6 1 7
16 10 6 4 3 5 7 2 6 1 0
17 9 8 4 3 5 7 2 6 0 1
16 10 6 4 3 5 7 2 6 1 0
17 9 8 4 3 1 5 2 6 0 7
18 4 14 6 3 5 4 0 2 1 7
17 5 12 6 3 5 4 2 0 1 7
18 4 14 6 3 1 5 0 2 7 4
15 7 8 6 3 1 0 5 2 7 4
14 8 6 6 3 1 4 5 2 7 0
17 5 12 6 3 1 5 2 0 7 4
17 9 8 6 3 1 0 5 2 7 4
16 10 6 6 3 1 4 5 2 7 0
17 9 8 6 3 1 4 5 2 0 7
16 10 6 6 3 1 4 5 2 7 0
18 4 14 6 3 0 1 4 2 7 5
17 5 12 6 3 1 0 4 2 7 5
18 6 12 6 3 1 4 0 2 7 5
14 8 6 6 3 1 4 5 2 7 0
18 8 10 6 3 5 1 4 2 0 7
18 6 12 6 3 1 0 5 4 2 7
17 7 10 6 3 1 7 5 4 2 0
18 6 12 6 3 5 0 4 2 7 1
18 6 12 6 0 5 7 2 3 1 4
17 7 10 6 3 5 7 2 0 1 4
18 6 12 6 3 5 7 0 2 1 4
17 7 10 6 3 5 7 2 0 1 4
18 10 8 0 3 5 7 2 1 4 6
17 13 4 1 3 5 7 2 0 4 6
16 14 2 1 3 5 7 2 4 0 6
15 15 0 1 3 5 7 2 4 6 0